"track_name","artist_name","genre","year","popularity","danceability","energy","loudness","acousticness","instrumentalness","valence","tempo","duration_min"
"Song 1","Artist 31","Country",2025,81,0.83,0.48,-8.34,0.83,0.73,0.7,139.06,2.15
"Song 2","Artist 79","Classical",2020,92,0.45,0.43,-11.6,0.77,0.65,0.13,107.06,4.42
"Song 3","Artist 51","Rock",2020,70,0.51,0.95,-10.57,0.06,0.25,0.26,171.49,3.74
"Song 4","Artist 14","Electronic",2022,40,0.89,0.29,-7.23,0.05,0.96,0.58,145.06,3.4
"Song 5","Artist 67","Pop",2022,80,0.21,0.58,-4.91,0.81,0.3,0.8,156.23,5.97
"Song 6","Artist 42","Pop",2016,93,0.39,0.61,-5.06,0.54,0.7,0.15,169.95,3.65
"Song 7","Artist 50","Rock",2018,48,0.97,0.24,-9.82,0.5,0.42,0.86,117.49,5.93
"Song 8","Artist 43","Hip-Hop",2022,30,0.79,0.22,-11.72,0.37,0.21,0.65,80.84,4.01
"Song 9","Artist 14","Jazz",2017,40,0.85,0.63,-5.51,0.58,0.35,0.98,140.91,3.04
"Song 10","Artist 25","Rock",2024,93,0.53,0.5,-10.83,0.93,0.91,0.45,132.21,4.34
"Song 11","Artist 90","Metal",2024,32,0.21,0.37,-13.85,0.57,0.54,0.62,171.89,3.34
"Song 12","Artist 91","Metal",2018,37,0.7,0.25,-13.44,0.5,0.98,0.27,168.49,4.21
"Song 13","Artist 69","Indie",2019,68,0.43,0.77,-2.07,0.76,0.24,0.45,151.93,3.12
"Song 14","Artist 91","Pop",2024,52,0.42,0.4,-14.58,0.96,0.25,0.86,169.02,5.88
"Song 15","Artist 57","Classical",2025,64,0.7,0.59,-9.56,0.06,0.22,0.38,79.56,5.54
"Song 16","Artist 92","Pop",2017,96,0.52,0.96,-13.49,0.34,0.23,0.41,94.73,3.45
"Song 17","Artist 9","Pop",2023,62,0.41,0.26,-14.81,0.57,0.22,0.15,99.87,4.42
"Song 18","Artist 93","Country",2017,71,0.9,0.57,-11.02,0.85,0.87,0.02,119.57,3.8
"Song 19","Artist 99","Classical",2015,99,0.64,0.22,-14.68,0.89,0.1,0.39,140.75,4.65
"Song 20","Artist 72","Country",2018,69,0.56,0.33,-10.57,0.16,0.38,0.11,100.87,5.38
"Song 21","Artist 26","R&B",2021,28,0.98,0.47,-6.47,0.96,0.43,0.78,163.97,3.66
"Song 22","Artist 7","Hip-Hop",2023,98,0.47,0.26,-4.76,0.82,0.5,0.39,106.37,5.5
"Song 23","Artist 42","Hip-Hop",2025,26,0.3,0.38,-5.11,0.37,0.74,0.76,133.55,3.01
"Song 24","Artist 9","Classical",2023,80,0.51,0.29,-10.35,0.23,0.88,0.32,166.89,4.2
"Song 25","Artist 83","Country",2016,100,0.75,0.65,-11.4,0.39,0.67,0.34,132.12,5.38
"Song 26","Artist 36","Metal",2022,74,0.68,0.85,-12.77,0.54,0.59,0.53,76.46,5.97
"Song 27","Artist 78","Classical",2022,66,0.95,0.64,-8.78,0.3,0.31,0.44,115.71,3.85
"Song 28","Artist 81","Classical",2017,31,0.32,0.98,-10.37,0.58,0.45,0.42,179.35,2.5
"Song 29","Artist 43","Indie",2020,34,0.22,0.72,-11.94,0.4,0.74,0.02,127.44,5.8
"Song 30","Artist 76","Country",2022,26,0.9,0.53,-9.17,0.5,0.89,0.95,134.07,4.07
"Song 31","Artist 15","Rock",2024,75,0.69,0.7,-10.59,0.44,0.75,0.25,158.36,4.42
"Song 32","Artist 32","Electronic",2017,83,0.49,0.53,-7.09,0.57,0.24,0.04,109.49,3
"Song 33","Artist 7","Jazz",2024,35,0.57,0.3,-9.96,0.12,0.35,0.05,178.48,3.5
"Song 34","Artist 9","Metal",2019,31,0.47,0.46,-4.49,0.45,0.45,0.32,166.53,4.69
"Song 35","Artist 41","Pop",2019,56,0.54,0.6,-13.42,0.91,0.12,0.01,105.06,2.36
"Song 36","Artist 74","Jazz",2024,63,0.52,0.98,-4.13,0.67,0.55,0.34,157.94,2.21
"Song 37","Artist 23","Metal",2015,22,0.32,0.48,-7.61,0.97,0.53,0.44,98.11,3.39
"Song 38","Artist 27","R&B",2022,70,0.3,0.23,-5.18,0.19,0.38,0.75,140.93,2.44
"Song 39","Artist 60","Electronic",2024,99,0.44,0.36,-6.24,0.71,0.38,0.16,157.38,5.56
"Song 40","Artist 53","R&B",2018,28,0.82,0.85,-14.83,0.98,0.26,0.32,112.91,2.8
"Song 41","Artist 7","R&B",2018,50,0.36,0.85,-3.11,0.34,0.43,0.65,143.93,2.79
"Song 42","Artist 53","Country",2020,97,0.34,0.3,-13.84,0.3,0.51,0.98,153.46,3.55
"Song 43","Artist 27","Metal",2017,83,1,0.58,-4.68,0.62,0.51,0.78,89.53,3.81
"Song 44","Artist 96","Pop",2025,48,0.89,0.89,-8.83,0.17,0.05,0.35,113.83,4.52
"Song 45","Artist 38","Electronic",2023,32,0.63,0.54,-7.09,0.7,0.73,0.3,154.8,2.78
"Song 46","Artist 89","Pop",2016,82,0.3,0.78,-12.16,0.06,0.22,0.58,89.75,4.57
"Song 47","Artist 34","Indie",2018,22,0.23,0.7,-2.84,0.3,0.65,0.65,113.14,5.43
"Song 48","Artist 93","Rock",2017,40,0.22,0.8,-13.25,0.93,0.06,0.93,109.08,4.68
"Song 49","Artist 69","Jazz",2024,37,0.2,0.66,-5.53,0.99,0.8,0.79,145.24,3.32
"Song 50","Artist 72","R&B",2018,22,0.53,0.3,-11.91,0.2,0.91,0.75,161.67,4.48
"Song 51","Artist 76","Electronic",2025,22,0.75,0.47,-5,0.2,0,0.15,130.48,4.59
"Song 52","Artist 63","Pop",2022,44,0.49,0.39,-5.53,0.01,0.77,0.48,95.03,4.53
"Song 53","Artist 13","Rock",2021,73,0.59,0.92,-4.71,0.1,0.75,0.17,170.38,5.87
"Song 54","Artist 82","Country",2023,39,0.57,0.21,-6.09,0.69,0.21,0.68,129.03,3.99
"Song 55","Artist 97","Hip-Hop",2018,91,0.93,0.23,-13.4,0.24,0.08,0.52,132.05,2.04
"Song 56","Artist 91","Indie",2015,76,0.54,0.36,-3.57,0.08,0.87,0.06,143.82,5.92
"Song 57","Artist 25","R&B",2024,32,0.61,0.5,-11.1,0.14,0.41,0.33,70.71,4.47
"Song 58","Artist 38","Classical",2019,39,0.24,0.28,-8.57,0.47,0.97,0.02,87.74,2.1
"Song 59","Artist 21","Rock",2018,49,0.46,0.99,-13.99,0.43,0.64,0.8,134.11,3.75
"Song 60","Artist 79","Metal",2018,44,0.98,0.55,-13.76,0.3,0.84,0.01,162.99,2.05
"Song 61","Artist 41","Jazz",2020,99,0.26,0.91,-8.81,0.88,0.39,0.76,179.54,2.9
"Song 62","Artist 47","Pop",2022,100,0.42,0.54,-2.74,0.18,0.89,0.98,83.32,3.72
"Song 63","Artist 90","Electronic",2023,98,0.6,0.73,-9.34,0.99,0.79,0.28,161.91,3.68
"Song 64","Artist 60","Country",2015,36,0.85,0.38,-12.09,0.37,0.42,0.45,146.74,2.36
"Song 65","Artist 95","Jazz",2017,24,0.84,0.34,-8.54,0.05,0.53,0.43,167.91,2.75
"Song 66","Artist 16","Pop",2018,82,0.83,0.41,-7.77,0.42,0.31,0.24,122.87,3.71
"Song 67","Artist 94","Pop",2021,80,0.33,0.84,-12.35,0.87,0.08,0.28,130.53,4.97
"Song 68","Artist 6","Electronic",2017,98,0.33,0.23,-8.6,0.22,0.99,0.77,98.05,4.9
"Song 69","Artist 72","R&B",2017,94,0.6,0.32,-14.2,0.16,0.16,0.38,153.96,5.54
"Song 70","Artist 86","Country",2017,48,0.55,0.82,-6.78,0.01,0.31,0.84,87.31,4.89
"Song 71","Artist 86","Electronic",2023,39,0.37,0.88,-5,0.03,0.13,0.34,112.62,3.47
"Song 72","Artist 39","R&B",2016,53,0.8,0.69,-13.26,0.88,0.95,0.4,76.28,3.68
"Song 73","Artist 31","Hip-Hop",2023,58,0.65,0.96,-13.06,0.58,0.66,0.34,138.89,2.72
"Song 74","Artist 81","Pop",2018,20,0.68,0.78,-14.14,0.69,0.84,0.06,88.03,2.3
"Song 75","Artist 50","Hip-Hop",2023,71,0.96,0.69,-12.99,0.4,0.82,0.96,121.73,5.76
"Song 76","Artist 34","Indie",2022,78,0.32,0.87,-5.67,0.35,0.46,0.08,87.38,4.33
"Song 77","Artist 4","Classical",2022,99,0.23,0.33,-13.26,0.63,0.04,0.43,138.92,4.11
"Song 78","Artist 13","Rock",2017,55,0.28,0.51,-10.64,0.89,0.13,0.9,92.58,4.8
"Song 79","Artist 69","Jazz",2017,100,0.76,0.25,-9.7,0.23,0.54,0.96,87.01,3.05
"Song 80","Artist 25","Rock",2025,78,0.75,0.97,-14.6,0.31,0,0.19,149.85,4.61
"Song 81","Artist 52","Pop",2024,68,0.64,0.32,-5.11,0.83,0.37,0.29,164.09,4.62
"Song 82","Artist 22","Indie",2023,49,0.62,0.34,-13.7,0.08,0.73,0.96,178.92,5.75
"Song 83","Artist 89","Classical",2022,86,0.73,0.7,-8.17,0.51,0.51,0.03,131,2.13
"Song 84","Artist 32","Indie",2021,65,0.82,0.63,-5.95,0.45,0.24,0.78,153.46,3.4
"Song 85","Artist 25","Classical",2025,24,0.72,0.74,-13.17,0.21,0.61,0.71,101.74,4.09
"Song 86","Artist 87","Jazz",2016,89,0.86,0.9,-8.71,0.66,0.67,0.45,98.01,4.09
"Song 87","Artist 35","R&B",2016,96,0.87,0.63,-11.4,0.48,0.44,0.24,122.11,2.03
"Song 88","Artist 40","Hip-Hop",2023,82,0.5,0.75,-12.65,0.72,0.04,0.88,134.44,5.8
"Song 89","Artist 30","Country",2015,65,0.6,0.47,-4.78,0.59,0.91,0.49,158.74,4.87
"Song 90","Artist 12","Country",2024,30,0.77,0.38,-5.5,0.75,0.89,0.09,123.83,4.82
"Song 91","Artist 31","Pop",2016,90,0.98,0.31,-2.74,0.98,0.84,0.65,169.14,2.44
"Song 92","Artist 30","Pop",2024,58,0.7,0.36,-7.43,0.33,0.9,0.38,141.78,3.39
"Song 93","Artist 64","Indie",2019,38,0.54,0.46,-4.83,0.58,0.2,0.69,114.16,4.85
"Song 94","Artist 99","Pop",2022,73,0.27,0.89,-8.41,0.41,0.06,0.88,109.06,4.15
"Song 95","Artist 14","Metal",2021,29,0.61,0.64,-9.04,0.44,0.76,0.75,95.49,5.55
"Song 96","Artist 93","Country",2021,37,0.88,0.48,-3.17,0.8,0.18,0.2,151.67,4.64
"Song 97","Artist 96","Jazz",2015,74,0.93,0.35,-9.28,0.92,0.24,0.71,162.87,2.02
"Song 98","Artist 71","Indie",2024,100,0.39,0.44,-11.57,0.18,0.12,0.16,147.24,4.39
"Song 99","Artist 67","Classical",2023,92,0.69,0.82,-2.05,0.7,0.2,0.5,74.4,5.98
"Song 100","Artist 23","Country",2015,47,0.9,0.35,-7.69,0.89,0.99,0.25,116.57,5.43
"Song 101","Artist 79","Rock",2022,22,0.2,0.59,-4.96,0.48,0.28,0.4,111.64,4.55
"Song 102","Artist 85","Indie",2023,52,0.23,0.7,-2.82,0.58,0.1,0.94,172.07,5.52
"Song 103","Artist 37","Jazz",2022,33,0.51,0.63,-4.21,0.32,0.55,0.44,162.33,2.82
"Song 104","Artist 8","Country",2016,93,0.66,0.95,-9.47,0.78,0.48,0.95,115.34,4.66
"Song 105","Artist 51","Classical",2023,29,0.44,0.39,-7.53,0.15,0.47,0.42,93.3,5.38
"Song 106","Artist 74","Indie",2019,87,0.87,0.95,-2.3,0.63,0.78,0.14,109.12,2.82
"Song 107","Artist 50","Country",2016,95,0.97,0.99,-11.95,0.68,0.55,0.99,123.11,4.63
"Song 108","Artist 98","R&B",2016,46,0.35,0.89,-7.47,0.11,0.37,0.57,105.94,2.72
"Song 109","Artist 74","Rock",2022,93,0.47,0.73,-13.25,0.22,0.12,0.43,74.74,4.11
"Song 110","Artist 86","Electronic",2021,54,0.27,0.25,-7.15,0.37,0.95,0.83,121.08,4.12
"Song 111","Artist 76","Indie",2025,68,0.47,0.93,-4.44,0.54,0.92,0.86,128.67,4.02
"Song 112","Artist 84","Classical",2016,69,0.43,0.94,-2.79,0.54,0.51,0.64,129.24,4.1
"Song 113","Artist 46","Rock",2020,34,0.26,0.34,-4.76,0.32,0.26,0.57,118.25,4.83
"Song 114","Artist 17","Indie",2020,71,0.97,0.84,-8.32,0.89,0.09,0.59,73,3.56
"Song 115","Artist 62","Pop",2016,95,0.51,0.79,-13.55,0.26,0.62,0.62,165.23,4.02
"Song 116","Artist 46","Rock",2024,51,0.49,0.96,-13.1,0.86,0.92,0.51,176.4,5.88
"Song 117","Artist 54","Hip-Hop",2025,69,0.46,0.32,-9.03,0.28,0.9,0.7,127.97,5.9
"Song 118","Artist 35","Metal",2019,54,0.72,0.31,-14.35,0.05,0.86,0.32,103.53,3.9
"Song 119","Artist 94","Classical",2024,35,0.31,0.42,-4.43,0.04,0.81,0.69,110.17,4.92
"Song 120","Artist 79","Rock",2022,96,0.25,0.31,-10.92,0.53,0.41,0.91,173.67,5.05
"Song 121","Artist 24","R&B",2025,76,0.7,0.39,-4.79,0.21,0.81,0.42,143.17,2.74
"Song 122","Artist 87","Metal",2025,25,0.8,0.53,-12.27,0.75,0.28,0.62,115.61,2.85
"Song 123","Artist 7","Indie",2016,60,0.51,0.78,-8.81,0.1,0.16,0.31,70.35,3.35
"Song 124","Artist 93","Hip-Hop",2018,26,0.75,0.5,-11.92,0.62,0.26,0.25,133.18,5.34
"Song 125","Artist 79","Country",2021,22,0.66,0.23,-14.64,0.66,0.36,0.33,90.52,2.98
"Song 126","Artist 23","Classical",2016,47,0.76,0.78,-3.61,0.79,0.37,0.05,149.93,4.92
"Song 127","Artist 26","Indie",2023,59,0.36,0.79,-6.87,0.04,0.24,0.19,104.24,3.47
"Song 128","Artist 32","Jazz",2016,40,0.38,0.5,-3.9,0.05,0.6,0.11,152.93,3.08
"Song 129","Artist 7","Rock",2024,64,0.4,0.39,-5.52,0.85,0.62,0.08,134.3,5.73
"Song 130","Artist 27","Classical",2023,69,0.28,0.54,-6.69,0.92,0.74,0.91,124.05,2.01
"Song 131","Artist 42","Jazz",2020,37,0.85,0.83,-4.27,0.12,0.95,0.54,166.76,4.46
"Song 132","Artist 5","Hip-Hop",2025,36,0.69,0.31,-6.91,0.72,0.6,0.45,100.44,3.07
"Song 133","Artist 70","Rock",2023,63,0.54,0.35,-2.16,0.36,0.48,0.2,79.35,4.61
"Song 134","Artist 16","Jazz",2025,60,0.8,0.8,-13.93,0.85,0.21,0.75,171.82,3.86
"Song 135","Artist 24","Pop",2020,98,0.28,0.22,-4.44,0.17,0.48,0.04,82.31,3.34
"Song 136","Artist 32","Electronic",2025,66,0.8,0.94,-2.78,0.81,0.38,0.16,154.47,3.53
"Song 137","Artist 21","Classical",2024,52,0.74,0.61,-2,0.55,0.21,0.88,100.78,5.92
"Song 138","Artist 55","Indie",2015,91,0.82,0.55,-7.85,0.43,0.14,0.75,143.37,5.61
"Song 139","Artist 75","R&B",2022,57,0.27,0.63,-5.36,0.45,0.43,0.89,71.03,5.26
"Song 140","Artist 36","Metal",2025,68,0.94,0.49,-13.42,0,0.39,0.79,120.21,3.11
"Song 141","Artist 83","Pop",2020,38,0.71,0.84,-6.92,0.52,0.84,0.72,171.42,4.32
"Song 142","Artist 89","Country",2016,22,0.86,0.76,-3.07,0.46,0.5,0.96,127.36,4.9
"Song 143","Artist 39","Jazz",2017,51,0.29,0.6,-3.71,0.47,0.3,0.69,124.35,4.63
"Song 144","Artist 54","Indie",2020,70,0.47,0.42,-2.71,0.05,0.61,0.05,96.17,2.54
"Song 145","Artist 90","Pop",2023,61,0.85,0.41,-7.5,0.94,0.29,0.14,153.86,2.05
"Song 146","Artist 9","Country",2016,35,0.45,0.51,-3.26,0.42,0.56,0.28,155.33,2.76
"Song 147","Artist 71","Hip-Hop",2016,62,0.33,0.5,-9.61,0.01,0.05,0.97,156.91,3.02
"Song 148","Artist 98","Metal",2025,60,0.22,0.3,-6.18,0.88,0.93,0.45,173.8,5.92
"Song 149","Artist 48","Electronic",2022,23,0.28,0.61,-7.36,0.16,0.03,0.9,81.29,3.55
"Song 150","Artist 77","Metal",2017,53,0.42,0.45,-12.96,0.55,0.9,0.05,170.36,3.98
"Song 151","Artist 83","Pop",2018,65,0.93,0.44,-6.08,0.3,0.66,0.71,132.96,5.75
"Song 152","Artist 56","Pop",2016,83,0.82,0.95,-13.92,0.44,0.4,0.03,136.92,4.74
"Song 153","Artist 39","Electronic",2024,92,0.57,0.64,-7.43,0.68,0.63,0.19,144.2,4.36
"Song 154","Artist 68","Metal",2022,72,0.57,0.46,-2.79,0.7,0.12,0.97,152.81,5.79
"Song 155","Artist 1","Metal",2017,25,0.65,0.67,-12.45,0.75,0.78,0.29,158,4.79
"Song 156","Artist 40","Classical",2020,83,0.82,0.84,-6.51,0.46,0.02,0.65,95.55,4.86
"Song 157","Artist 30","Indie",2018,47,0.36,0.7,-6,0.57,0.45,0.68,179.6,5.54
"Song 158","Artist 94","R&B",2022,67,0.87,0.26,-10.28,0.35,0.56,0.77,100.82,6
"Song 159","Artist 89","Hip-Hop",2016,88,0.5,0.73,-13.11,0.14,0.55,0.71,79.05,2.18
"Song 160","Artist 16","R&B",2019,85,0.86,0.9,-11.84,0.07,0.06,0.02,156.52,5.27
"Song 161","Artist 88","Pop",2016,91,0.22,0.44,-10.99,0.99,0.26,0.01,102.46,5.55
"Song 162","Artist 54","Classical",2023,89,0.98,0.4,-4.01,0.52,0.97,0.95,141.54,2.61
"Song 163","Artist 75","Country",2020,36,0.76,0.21,-5.34,0.28,0.18,0.65,139.56,5.79
"Song 164","Artist 48","Indie",2022,90,0.84,0.22,-12.67,0.1,0.67,0.54,94.78,4.74
"Song 165","Artist 20","Classical",2016,51,0.61,0.94,-5.17,0.96,0.23,0.15,77.9,3.63
"Song 166","Artist 67","Hip-Hop",2024,94,0.44,0.58,-3.97,0.48,0.05,0.99,137.5,4.74
"Song 167","Artist 93","Classical",2021,49,0.3,0.53,-6.11,0.49,0,0.46,170.57,2.21
"Song 168","Artist 36","Electronic",2025,80,0.4,0.32,-3.81,0.91,0.59,0.77,110.83,2.58
"Song 169","Artist 52","Electronic",2018,29,0.84,0.94,-12.96,0.59,0.39,0.76,176.76,2.01
"Song 170","Artist 22","R&B",2018,79,0.95,0.66,-9.58,0.06,1,0.96,118.04,2.26
"Song 171","Artist 49","R&B",2022,45,0.76,0.61,-5.85,0.1,0.1,0.11,165.52,4.72
"Song 172","Artist 42","Jazz",2025,93,0.6,0.59,-6.08,0.05,0.38,0.51,154.46,5.05
"Song 173","Artist 59","Metal",2018,31,0.56,0.37,-8.67,0.44,0.42,0.25,130.53,5.3
"Song 174","Artist 84","Rock",2020,70,0.89,0.99,-3.51,0.85,0.77,0.25,167.31,2.58
"Song 175","Artist 11","Country",2018,47,0.33,0.91,-9.22,0.05,0.45,0.78,118.69,5.7
"Song 176","Artist 55","Metal",2016,42,0.51,0.77,-6.16,0.53,0.66,0.09,146.31,3.49
"Song 177","Artist 8","Jazz",2025,95,0.41,0.88,-2.03,0.58,0.98,0.62,121.18,5.27
"Song 178","Artist 46","Electronic",2020,43,0.4,0.92,-8.02,0.83,0.91,0.18,100.54,3.56
"Song 179","Artist 85","Jazz",2020,98,0.44,0.38,-6.53,0.4,0.19,0.96,101.11,2.96
"Song 180","Artist 66","Electronic",2023,72,0.83,0.92,-13.79,0.18,0.21,0.22,137.52,4.89
"Song 181","Artist 77","Country",2021,85,0.35,0.57,-6.4,0.59,0.8,0.98,125.7,5.12
"Song 182","Artist 46","Pop",2025,31,0.23,0.63,-11.16,0.34,0.85,0.99,152.1,3.35
"Song 183","Artist 70","Metal",2020,25,0.75,0.61,-7.61,0.74,0.27,0.44,105.97,2.67
"Song 184","Artist 72","Country",2017,38,0.58,0.58,-5.42,0.36,0.34,0.1,97.83,3.84
"Song 185","Artist 44","Country",2015,46,0.77,0.52,-8.26,0.48,0.81,0.35,160.18,5.7
"Song 186","Artist 32","Classical",2016,32,0.22,0.24,-11.94,0.26,0.77,0.32,150.62,3.9
"Song 187","Artist 36","Pop",2016,58,0.49,0.73,-3.12,0.03,0.3,0.1,158.94,4.94
"Song 188","Artist 45","Classical",2016,35,0.89,0.79,-2.96,0.98,0.96,0.77,179.37,2.26
"Song 189","Artist 14","Metal",2017,78,0.44,0.47,-6.89,0.86,0.12,0.23,116.57,4.27
"Song 190","Artist 16","Country",2025,35,0.43,0.88,-2.36,0.32,0.94,0.6,109.08,5.51
"Song 191","Artist 87","Classical",2024,24,0.89,0.6,-8.09,0.97,0.92,0.47,89.83,3.35
"Song 192","Artist 33","Hip-Hop",2020,94,0.46,0.35,-9.86,0.22,0.69,0.45,72.82,5.52
"Song 193","Artist 40","R&B",2025,97,0.34,0.47,-5.94,0.28,0.77,0.23,133.86,3.57
"Song 194","Artist 40","Hip-Hop",2015,60,0.83,0.32,-6.53,0.99,0.28,0.92,170.7,3.35
"Song 195","Artist 10","Pop",2016,67,0.44,0.43,-10.36,0.65,0.55,0.24,109.44,4.04
"Song 196","Artist 89","Jazz",2020,39,0.26,0.86,-6.6,0.34,0.22,0.85,103.15,5.81
"Song 197","Artist 72","Pop",2024,89,0.42,0.36,-7.98,0.59,0.88,0.4,123.92,4.05
"Song 198","Artist 82","Country",2016,48,0.26,0.83,-9.02,0.05,0.42,0.43,81.31,4.52
"Song 199","Artist 9","Hip-Hop",2016,50,0.55,0.96,-4.09,0.41,0.49,0.67,162.53,3.79
"Song 200","Artist 7","Hip-Hop",2020,41,0.63,0.43,-7.65,0.45,0.8,0.67,115.11,5.11
"Song 201","Artist 7","Pop",2016,75,0.37,0.48,-8.64,0.01,0.51,0.46,131.32,3.62
"Song 202","Artist 58","Pop",2020,64,0.47,0.39,-9.95,0.28,0.19,0.64,114,4.97
"Song 203","Artist 61","Rock",2015,69,0.47,0.69,-5.34,0.36,0.11,0.29,107.62,4.63
"Song 204","Artist 74","Indie",2017,98,0.8,0.45,-13.18,0.13,0.1,0.18,125.8,5.57
"Song 205","Artist 24","Indie",2025,46,0.64,0.79,-6.8,0.33,0.65,0.11,150.86,4.61
"Song 206","Artist 63","Pop",2022,21,0.71,0.94,-3.37,0.83,0.85,0.33,109.23,3.65
"Song 207","Artist 54","Indie",2016,42,0.35,0.36,-9.61,0.53,0.28,0.31,108.65,3.82
"Song 208","Artist 23","Indie",2024,61,0.74,0.61,-5.8,0.26,0.68,0.5,117.11,3.87
"Song 209","Artist 26","Country",2017,47,0.46,0.35,-2.24,0.49,0.38,0.18,87.7,4.98
"Song 210","Artist 33","Country",2021,33,0.26,0.75,-11.69,0.09,0.19,0.42,134.1,5.95
"Song 211","Artist 57","Hip-Hop",2017,80,0.91,0.94,-5.99,0.73,0.89,0.41,72.38,2.5
"Song 212","Artist 29","Rock",2023,27,0.96,0.67,-8.13,0.3,0.66,0.29,101.17,4.77
"Song 213","Artist 10","Rock",2019,41,0.6,0.56,-2.01,0.33,0.66,0.11,93.86,5.59
"Song 214","Artist 53","Rock",2022,45,0.22,0.95,-5.86,0.86,0.97,0.16,109.76,5.32
"Song 215","Artist 54","Jazz",2023,22,0.94,0.41,-9.84,0.14,0.84,0.54,160.7,2.8
"Song 216","Artist 77","Indie",2022,80,0.82,0.24,-14.48,0.7,0.67,0.5,76.2,2.84
"Song 217","Artist 11","Pop",2025,93,0.21,0.56,-6.51,0.45,0.62,0.66,71.41,4.96
"Song 218","Artist 25","Country",2017,95,0.3,0.73,-7.93,0.31,0.69,0.21,167.15,4.07
"Song 219","Artist 52","Metal",2016,93,0.97,0.74,-9.9,0.95,0.36,0.15,149.17,4.62
"Song 220","Artist 26","Rock",2022,77,0.28,0.66,-13.6,0.7,0.01,0.52,153.75,2.48
"Song 221","Artist 7","Hip-Hop",2024,95,0.69,0.62,-12.27,0.57,0.14,0.66,71.19,2.01
"Song 222","Artist 25","Pop",2025,71,0.71,0.86,-10.75,0.58,0.19,0.34,170.55,2.72
"Song 223","Artist 87","Classical",2015,76,0.84,0.75,-11.61,0.61,0.56,0.26,70.49,5.49
"Song 224","Artist 90","Electronic",2023,87,0.54,0.71,-14.28,0.11,0.55,0.1,150.2,5
"Song 225","Artist 32","Metal",2017,29,0.99,0.38,-3.08,0.59,0.67,0.3,170.16,3.37
"Song 226","Artist 84","Electronic",2020,80,0.38,0.29,-14.33,0.83,0.55,0.36,174.28,4.13
"Song 227","Artist 24","Classical",2016,54,0.94,0.63,-10.56,0.5,0.8,0.74,128.11,4.47
"Song 228","Artist 57","Indie",2023,38,0.29,0.31,-14.8,0.52,0.5,0.54,155.05,5.73
"Song 229","Artist 73","Electronic",2022,24,0.52,0.81,-13.85,0.5,0.77,0.64,85.71,3.04
"Song 230","Artist 23","Rock",2020,100,0.7,0.47,-5.36,0.21,0.24,0.56,168.15,4.11
"Song 231","Artist 14","Indie",2018,50,0.81,0.76,-12.29,0.25,0.78,0.29,90.74,2.84
"Song 232","Artist 6","Country",2021,46,0.82,0.46,-2.36,0.03,0.75,0.48,173.61,2.63
"Song 233","Artist 91","Metal",2020,38,0.79,0.56,-2.13,0.8,0.05,0.28,168.45,3.84
"Song 234","Artist 1","Metal",2021,67,0.65,0.87,-3.58,0.12,0.99,0.98,82.6,5.46
"Song 235","Artist 90","Pop",2019,70,0.64,0.34,-9.48,0.64,0.34,0.77,165.08,4.37
"Song 236","Artist 58","Metal",2021,21,0.69,0.87,-12.72,0.23,0.77,0.01,120.32,3.21
"Song 237","Artist 81","R&B",2022,33,0.69,0.4,-13.08,0.23,0.21,0.64,168.17,5.38
"Song 238","Artist 29","Classical",2023,37,0.74,0.49,-11.85,0.92,0.71,0.92,174.85,2.03
"Song 239","Artist 26","Jazz",2015,80,0.28,0.36,-15,0.21,0.36,0.28,121.22,5.16
"Song 240","Artist 27","R&B",2023,72,0.62,0.34,-3.43,0.35,0.95,0.15,152.88,5.73
"Song 241","Artist 85","R&B",2023,63,0.75,0.53,-12.11,0.23,0.12,0.11,175.75,5.54
"Song 242","Artist 7","Pop",2018,97,0.46,0.94,-14.71,0.85,0.64,0.52,165.22,3.11
"Song 243","Artist 60","Jazz",2023,32,0.21,0.36,-6.17,0.62,0.17,0.79,77.31,3.45
"Song 244","Artist 26","Electronic",2025,61,0.37,0.96,-11.32,0.78,0.21,0.26,88.18,3.88
"Song 245","Artist 41","Pop",2025,62,0.29,0.6,-13.49,0.89,0.49,0.92,72.01,4.41
"Song 246","Artist 84","Country",2017,97,0.94,0.62,-9.67,0.2,0.9,0.28,124.65,2.97
"Song 247","Artist 6","Country",2025,55,0.21,0.86,-6.58,0.28,0.38,0.75,88.59,4.13
"Song 248","Artist 94","Electronic",2015,26,0.95,0.41,-14.39,0.56,0.12,0.89,142.8,3.01
"Song 249","Artist 31","Pop",2024,83,0.48,0.67,-3.09,0.73,0.76,0.2,104.86,5.77
"Song 250","Artist 93","R&B",2023,71,0.84,0.41,-2.8,0.58,0.45,0.38,119.36,2.77
"Song 251","Artist 17","Classical",2018,47,0.51,0.71,-10.85,0.71,0.46,0.32,89.08,3.42
"Song 252","Artist 64","R&B",2024,96,0.25,0.71,-6.37,0.57,0.68,0.21,92.8,3.96
"Song 253","Artist 37","Country",2021,58,0.36,0.69,-14.33,0.63,0.66,0.98,86.93,4.55
"Song 254","Artist 57","Metal",2019,26,0.75,0.76,-3.52,0.4,0.19,0.72,129.74,4.48
"Song 255","Artist 20","Metal",2024,80,0.94,0.26,-14.28,0.2,0.77,0.67,112.67,4.39
"Song 256","Artist 35","Country",2019,66,0.86,1,-10.24,0.66,0.06,0.24,97.42,5.27
"Song 257","Artist 89","R&B",2017,87,0.53,0.91,-8.1,0.84,0.2,0.78,117.4,3.05
"Song 258","Artist 33","Hip-Hop",2015,92,0.48,0.65,-7.96,0.21,0.87,0.09,122.85,2.13
"Song 259","Artist 66","Rock",2024,68,0.63,0.9,-8.88,0.11,0.2,0.25,143.49,5.49
"Song 260","Artist 4","Classical",2022,89,0.22,0.76,-7.11,0.61,0.12,0.71,71.52,5.46
"Song 261","Artist 74","Indie",2015,89,0.65,0.29,-6.04,0.17,0.38,0.69,161.2,2.84
"Song 262","Artist 97","Pop",2023,68,0.89,0.29,-2.91,0.26,0.49,0.15,177.52,2.73
"Song 263","Artist 5","Pop",2020,55,0.76,0.9,-3.61,0.62,0.03,0.12,104.7,4.9
"Song 264","Artist 25","Hip-Hop",2023,29,0.5,0.73,-2.74,0.65,0.53,0.2,163.85,5.87
"Song 265","Artist 8","Indie",2016,37,0.44,0.44,-10.59,0.9,0.42,0.08,81.71,2.35
"Song 266","Artist 55","Indie",2022,46,0.67,0.56,-11.53,0.34,0.03,0.76,75.19,5.42
"Song 267","Artist 89","Country",2022,31,0.62,0.27,-9.89,0.03,0.72,0.25,95.69,5.57
"Song 268","Artist 85","Classical",2019,90,0.71,0.93,-3.76,0.99,0.15,0.59,77.02,3.13
"Song 269","Artist 45","R&B",2020,69,0.28,0.24,-5.78,0.04,0.84,0.38,99.58,3.12
"Song 270","Artist 18","Electronic",2024,35,0.38,0.48,-6.1,0.5,0.21,0.24,90.41,3.39
"Song 271","Artist 42","R&B",2020,99,0.67,0.91,-9.94,0.71,0.57,0.32,85.45,4.91
"Song 272","Artist 31","Metal",2015,34,0.88,0.25,-4.58,0.32,0.18,0.05,102.85,2.62
"Song 273","Artist 6","Hip-Hop",2019,97,0.93,0.65,-13.2,0.61,0.14,0.48,137.53,3.39
"Song 274","Artist 71","Jazz",2021,62,0.99,0.49,-13.96,0.77,0.61,0.74,176.38,4.14
"Song 275","Artist 61","R&B",2021,25,0.45,0.3,-7.13,0.38,0.04,0.41,83.38,4.2
"Song 276","Artist 48","Metal",2025,88,0.95,0.35,-9.88,0.54,0.13,0.84,148.08,4.46
"Song 277","Artist 17","Indie",2015,50,0.96,0.49,-13.31,0.27,0.41,0.7,143.32,5.99
"Song 278","Artist 45","Jazz",2019,65,0.74,0.77,-3.12,0.99,0.62,0.19,74.84,3.58
"Song 279","Artist 92","Hip-Hop",2023,88,0.32,0.21,-10.32,0.62,0.24,0.28,174.66,5.26
"Song 280","Artist 63","Hip-Hop",2023,91,0.22,0.63,-7.79,0.03,0.92,0.05,129.24,3.74
"Song 281","Artist 53","Indie",2025,69,0.68,0.62,-9.52,0.95,0.14,0.05,147.87,2.76
"Song 282","Artist 53","R&B",2025,93,0.21,0.66,-8.05,0.15,0.12,0.89,133.91,3.16
"Song 283","Artist 63","Electronic",2019,92,0.55,0.91,-14.33,0.45,0.17,0.28,179.98,2.86
"Song 284","Artist 71","Indie",2025,54,0.72,0.94,-11.52,0.85,0.05,0.79,72.64,3.05
"Song 285","Artist 84","Country",2019,35,0.93,0.81,-4.69,0.89,0.25,0.83,82.71,2.76
"Song 286","Artist 82","Country",2022,70,0.63,0.81,-3.81,0.38,0.44,0.79,143.86,4.32
"Song 287","Artist 93","Indie",2022,56,0.24,0.63,-2.15,0.74,0.93,0.97,76.84,3.33
"Song 288","Artist 17","Electronic",2015,92,0.48,0.43,-8.22,0.96,0.55,0.07,159.46,5.4
"Song 289","Artist 97","Classical",2019,31,0.28,0.58,-8.34,0.43,0.33,0.8,179.34,3.95
"Song 290","Artist 2","Electronic",2020,85,0.71,0.58,-7.65,0.98,0.75,0.66,171.29,2.72
"Song 291","Artist 49","Rock",2024,37,0.74,0.77,-13.69,0.53,0.79,0.62,100.31,2.35
"Song 292","Artist 2","Metal",2017,26,0.71,0.52,-12.03,0.91,0.48,0.31,168.54,5.05
"Song 293","Artist 13","Hip-Hop",2022,96,0.53,0.95,-5.46,0.59,0.12,0.54,98.02,5.63
"Song 294","Artist 24","Rock",2024,98,0.62,0.94,-3.54,0.39,0,0.93,82.47,4.17
"Song 295","Artist 49","Metal",2019,33,0.87,0.77,-5.03,0.6,0.32,0.62,77.52,3.31
"Song 296","Artist 67","Indie",2015,49,0.73,0.95,-8.32,0.08,0.04,0.52,133.33,5.9
"Song 297","Artist 82","Classical",2020,93,0.53,0.47,-7.17,0.95,0.9,0.49,74.96,5.84
"Song 298","Artist 2","Classical",2023,97,0.98,0.33,-3.6,0.66,0.39,0.79,84.56,5
"Song 299","Artist 37","Country",2024,46,0.83,0.81,-5.98,0.44,0.45,0.44,174.49,4.98
"Song 300","Artist 63","Metal",2015,89,0.34,0.26,-8.92,0.12,0.81,0.45,108.01,3.03
"Song 301","Artist 76","Metal",2022,40,0.38,0.34,-4.86,0.15,0.23,0.73,167.01,3.06
"Song 302","Artist 13","R&B",2025,43,0.35,0.94,-8.17,0.26,0.78,0.98,139.07,5.5
"Song 303","Artist 42","Electronic",2023,25,0.58,0.51,-2.25,0.42,0.39,0.19,83.29,2.21
"Song 304","Artist 61","Classical",2023,79,0.26,0.56,-7.55,0.61,0.09,0.07,124.68,2.99
"Song 305","Artist 70","Pop",2020,90,0.64,0.82,-14.71,0.49,0.29,0.99,96.56,3.31
"Song 306","Artist 38","Electronic",2016,33,0.52,0.24,-10.85,0.84,0.27,0.13,174.87,4.05
"Song 307","Artist 64","Metal",2022,34,0.23,0.49,-7.43,0.56,0.62,0.98,161.86,3.21
"Song 308","Artist 80","Electronic",2019,47,0.69,0.68,-14.66,0.59,0.52,0.14,176.5,2.26
"Song 309","Artist 99","Indie",2023,99,0.79,0.56,-5.66,0.17,0.37,0.84,95.48,3.57
"Song 310","Artist 36","Pop",2021,62,0.72,0.35,-12.1,0.77,0.41,0.6,100.09,4.22
"Song 311","Artist 91","Electronic",2018,59,0.61,0.92,-9.57,0.89,0.59,0.97,111.41,5.9
"Song 312","Artist 91","Hip-Hop",2021,94,0.68,0.37,-12.45,0.84,0.9,0.14,102.44,4.17
"Song 313","Artist 35","Hip-Hop",2019,60,0.61,0.5,-8.26,0.64,0.2,0.21,144.01,4.6
"Song 314","Artist 87","Pop",2020,45,0.2,0.65,-9.91,0.97,0.39,0.77,108.35,3.31
"Song 315","Artist 67","Country",2020,20,0.66,0.97,-13.89,0.64,0.1,1,139.76,5.36
"Song 316","Artist 95","Electronic",2019,50,0.65,0.25,-12.73,0.59,0.29,0.39,165.95,3.78
"Song 317","Artist 48","Pop",2022,91,0.97,0.95,-10.47,0.07,0.03,0.78,128.64,2.32
"Song 318","Artist 66","Classical",2023,29,0.32,0.71,-9.36,0.41,0.51,0.54,78.62,2.15
"Song 319","Artist 23","Hip-Hop",2018,20,0.85,0.7,-3.66,0.92,0.18,0.07,135.49,2.21
"Song 320","Artist 67","Indie",2019,27,0.24,0.36,-8.92,0.86,0.17,0.07,79.44,3.47
"Song 321","Artist 9","Classical",2019,81,0.7,0.56,-14.92,0.28,0.11,0.27,104.76,5.95
"Song 322","Artist 61","Indie",2016,85,0.83,0.72,-2.69,0.51,0,0.54,90.32,3.07
"Song 323","Artist 39","Jazz",2018,25,0.24,0.45,-12.71,0.06,0.36,0.01,159.04,5.24
"Song 324","Artist 94","Hip-Hop",2016,65,0.85,0.94,-9.55,0.19,0.49,0.35,71.44,3.68
"Song 325","Artist 31","Electronic",2017,75,0.68,0.57,-5.06,0.98,0.8,0.61,97.02,3.92
"Song 326","Artist 94","Indie",2023,58,0.74,0.44,-2.36,0.65,0.48,0.44,164.24,3.83
"Song 327","Artist 73","Electronic",2017,97,0.43,0.94,-4.76,0.87,0.46,0.54,127.9,2.66
"Song 328","Artist 36","Pop",2025,48,0.66,0.88,-8.07,0.48,0.33,0.9,148.85,4.34
"Song 329","Artist 98","Electronic",2021,23,0.66,0.98,-7.81,0.71,0.58,0.4,136.45,3.22
"Song 330","Artist 22","Jazz",2017,45,0.39,0.34,-8.06,0.31,0.6,0.07,129.63,3.89
"Song 331","Artist 44","Indie",2019,21,0.76,0.51,-11.89,0.35,0.04,0.99,131.22,4.38
"Song 332","Artist 41","Country",2023,52,0.89,0.34,-6.2,0.59,0.11,0.22,75.47,5.51
"Song 333","Artist 92","Metal",2019,59,0.26,0.37,-2.63,0.85,0.12,0.37,127.13,2.09
"Song 334","Artist 93","Pop",2017,59,1,0.61,-7.99,0.76,0.44,0.88,133.36,5.51
"Song 335","Artist 43","Classical",2024,26,0.23,0.65,-4.7,0.33,0.36,0.84,107.04,3.07
"Song 336","Artist 39","Electronic",2020,77,0.77,0.48,-12.67,1,0.6,0.7,107.2,3.12
"Song 337","Artist 37","R&B",2023,89,0.89,0.78,-2.26,0.91,0.07,0.41,171.28,5.68
"Song 338","Artist 33","Hip-Hop",2023,61,0.4,0.28,-6.41,0.21,0.29,0.28,141.31,4.84
"Song 339","Artist 83","Jazz",2022,68,0.73,0.27,-7.82,0.72,0.47,0.78,145.55,3.26
"Song 340","Artist 12","Classical",2017,86,0.77,0.35,-3.9,0.43,0.27,0.72,126.66,3.08
"Song 341","Artist 98","Jazz",2017,100,0.2,0.3,-10.29,0.18,0.34,0.93,71.86,5.46
"Song 342","Artist 21","Jazz",2020,54,0.44,0.96,-5.91,0.05,0.49,0.82,112.61,2.33
"Song 343","Artist 81","Electronic",2022,65,0.73,0.56,-13.85,0.39,0.44,0.5,143.81,5.79
"Song 344","Artist 76","R&B",2020,33,0.42,0.47,-8.12,0.18,0.62,0.35,133.5,2.14
"Song 345","Artist 94","Country",2021,44,0.39,0.86,-9.77,0.45,0.69,0.14,135.33,5.14
"Song 346","Artist 35","Rock",2022,47,0.51,0.22,-12.25,0.21,0.65,0.75,151.47,5.24
"Song 347","Artist 30","Indie",2018,21,0.96,0.75,-9.57,0.25,0.49,0.29,168.86,5.59
"Song 348","Artist 89","Classical",2025,25,0.36,0.71,-4.07,0.4,0.79,0.77,95.89,2.58
"Song 349","Artist 50","Rock",2018,100,0.78,0.73,-4.68,0.25,0.82,1,105.26,2.18
"Song 350","Artist 47","Classical",2015,45,0.72,0.35,-6.44,0.34,0.48,0.07,149.09,3.06
"Song 351","Artist 67","Metal",2016,63,0.34,0.72,-2.44,0.98,0.48,0.88,128.11,4.57
"Song 352","Artist 82","Jazz",2020,96,0.87,0.25,-10.37,0.58,0.06,0.24,132.63,5.05
"Song 353","Artist 96","Country",2020,91,0.28,0.5,-9.4,0.26,0.73,0.17,110.21,2.2
"Song 354","Artist 81","Jazz",2016,86,0.7,0.59,-11.49,0.21,0.77,0.84,128.78,2.88
"Song 355","Artist 42","Indie",2016,37,0.95,0.97,-14.54,0.33,0.39,0.17,173.64,2.98
"Song 356","Artist 40","Indie",2019,30,0.79,0.21,-9.65,0.97,0.89,0.29,86.3,5.62
"Song 357","Artist 42","Indie",2024,77,0.32,0.83,-13.15,0.87,0.88,0.08,112.95,3.28
"Song 358","Artist 96","Electronic",2022,71,0.61,0.21,-4.96,0.12,0.45,0.5,158.87,2.57
"Song 359","Artist 26","Jazz",2022,71,0.63,0.98,-8.05,0.35,0.23,0.31,82.25,2.6
"Song 360","Artist 13","Classical",2025,30,0.59,0.28,-10.65,0.67,0.85,0.23,94.9,5.56
"Song 361","Artist 20","Country",2018,36,0.87,0.52,-5.33,0.57,0.76,0.38,95.63,4.39
"Song 362","Artist 20","Indie",2024,20,0.83,0.9,-4.57,0.82,0.96,0.54,172.92,3.7
"Song 363","Artist 93","Electronic",2024,24,0.7,0.72,-7.32,0.04,0.49,0.02,119.5,2.76
"Song 364","Artist 84","Rock",2021,68,0.3,0.33,-13.6,0.4,0.94,0.7,72.58,4.95
"Song 365","Artist 94","Country",2023,93,0.77,0.63,-10.41,0.52,0.81,0.92,148.09,3.72
"Song 366","Artist 41","Indie",2021,38,0.93,0.51,-4.47,0.98,0.24,0.27,143.15,4.18
"Song 367","Artist 8","Rock",2025,55,0.92,0.27,-12.39,0.31,0.2,0.65,107.77,4.23
"Song 368","Artist 39","Country",2016,25,0.44,0.64,-8.92,0.5,0.09,0.28,139.35,5.87
"Song 369","Artist 74","Country",2018,48,0.7,0.44,-11.96,0.76,0.89,0.13,169.07,5.83
"Song 370","Artist 81","Metal",2023,78,0.43,0.38,-3.12,0.29,0.49,0.44,120.85,3.91
"Song 371","Artist 63","Electronic",2016,51,0.4,0.99,-6.48,0.1,0.2,0.79,113.01,3.76
"Song 372","Artist 82","Metal",2021,24,0.63,0.64,-6.28,0.17,0.7,0.13,96.75,2.43
"Song 373","Artist 11","Pop",2015,29,0.99,0.85,-2.85,0.58,0.32,0.21,137.06,3.95
"Song 374","Artist 2","Classical",2018,57,0.42,0.22,-5.43,0.1,0.32,0.75,111.8,5.83
"Song 375","Artist 19","R&B",2016,35,0.45,0.36,-2.24,0.99,0.77,0.87,134.43,2.67
"Song 376","Artist 77","Classical",2022,71,0.42,0.63,-14.25,0.23,0.22,0.44,94.69,5.01
"Song 377","Artist 13","Electronic",2018,70,0.34,0.74,-8.93,0.98,0.33,0.72,111.76,5.63
"Song 378","Artist 31","Jazz",2018,41,0.4,0.43,-9.58,0.8,0.02,0.72,98.67,2.27
"Song 379","Artist 30","Classical",2023,20,0.5,0.59,-3.26,0.96,0.58,0.93,176.49,5.53
"Song 380","Artist 22","Pop",2025,75,0.7,0.79,-8.81,0.14,0.8,0.68,77.45,2.03
"Song 381","Artist 94","Hip-Hop",2018,88,0.81,0.22,-14.96,0.41,0.16,0.57,103.16,2.8
"Song 382","Artist 74","R&B",2015,82,0.94,0.4,-14.37,0.66,0.3,0.18,172.6,2.83
"Song 383","Artist 16","Rock",2017,43,0.24,0.21,-2.83,0.03,0.24,0.59,116.53,2.69
"Song 384","Artist 69","Pop",2023,83,0.43,0.54,-13.89,0.85,0.33,0.15,115.23,2.28
"Song 385","Artist 36","Country",2021,94,0.51,0.74,-5.29,0.7,0.65,0.93,106.27,3.43
"Song 386","Artist 50","R&B",2021,94,0.23,0.85,-8.06,0.66,0.2,0.46,141.27,5.24
"Song 387","Artist 33","Classical",2023,82,0.78,0.93,-4.36,0.43,0.49,0.18,165.12,5.59
"Song 388","Artist 80","Electronic",2024,94,0.48,0.29,-13.63,0.73,0.37,0.16,178.3,2.11
"Song 389","Artist 28","Electronic",2019,79,0.52,0.96,-11.84,0.12,0.11,0.24,161.75,4.9
"Song 390","Artist 49","Metal",2016,43,0.73,0.43,-11.67,0.84,0.84,0.24,129.93,4.31
"Song 391","Artist 12","Country",2018,58,0.89,0.96,-3.95,0.02,0.4,0.26,105.81,5.63
"Song 392","Artist 53","Jazz",2015,88,0.44,0.43,-5.06,0.7,0.27,0.85,158.17,4.22
"Song 393","Artist 28","Indie",2019,90,0.75,0.33,-11.9,0.08,0.39,0.32,79.72,2.77
"Song 394","Artist 66","Electronic",2015,100,0.4,0.23,-4.82,0.7,0.72,0.86,175.39,4.92
"Song 395","Artist 50","Indie",2024,57,0.51,0.52,-10.38,0.79,0.2,0.72,160.88,3.59
"Song 396","Artist 76","R&B",2020,43,0.94,0.82,-10.51,0.61,0.79,0.97,97.48,2.81
"Song 397","Artist 47","Indie",2017,59,0.29,0.42,-14.29,0.23,0.23,0.23,75.8,2.77
"Song 398","Artist 51","Classical",2015,39,0.48,0.25,-8.72,0.81,0.59,0.6,110.32,4.16
"Song 399","Artist 6","R&B",2022,59,0.81,0.61,-11.34,0.36,0.23,0.97,90.55,4.8
"Song 400","Artist 80","Hip-Hop",2018,80,0.72,0.88,-4.39,0.44,0.35,0.47,129.96,4.19
"Song 401","Artist 15","Pop",2017,85,0.49,0.69,-6.58,0.95,0.61,0.61,99.54,5.87
"Song 402","Artist 19","Classical",2015,75,0.46,0.28,-12.29,0.06,0.87,0.42,160.58,5.8
"Song 403","Artist 59","R&B",2015,74,0.73,0.94,-5.21,0.99,0.93,0.74,165.64,3.42
"Song 404","Artist 3","Jazz",2019,54,0.94,0.98,-10.49,0.81,0.32,0.46,131.18,3.14
"Song 405","Artist 97","Electronic",2022,64,0.4,0.27,-13.17,0.3,0.75,0.98,154.63,3.92
"Song 406","Artist 33","Indie",2015,23,0.62,0.86,-3.42,0.7,0.17,0.04,178.56,3.39
"Song 407","Artist 48","Electronic",2024,72,0.51,0.94,-10.76,0.66,0.85,0.57,108.98,4.29
"Song 408","Artist 75","Pop",2015,64,0.65,0.77,-8.02,0.48,0.69,0.38,82.63,3.95
"Song 409","Artist 100","Hip-Hop",2021,37,0.83,0.53,-7.06,0.9,0.59,0.04,98.77,5.78
"Song 410","Artist 45","Country",2018,55,0.27,0.82,-13.95,0.31,0.32,0.79,136.38,3.38
"Song 411","Artist 10","Classical",2021,39,0.57,0.91,-3.08,0.97,0.37,0.12,123.06,3.57
"Song 412","Artist 42","R&B",2015,35,0.38,0.9,-10.12,0.55,0.98,0.35,164.84,2.74
"Song 413","Artist 24","Jazz",2024,85,0.87,0.55,-11.51,0.22,0.68,0.79,143.16,3.32
"Song 414","Artist 92","R&B",2016,66,0.96,0.44,-14.15,0.75,0.37,0.12,158.09,2.28
"Song 415","Artist 18","Classical",2017,57,0.49,0.37,-13.63,0,0.71,1,75.76,5.23
"Song 416","Artist 81","Pop",2015,84,0.86,0.3,-11.95,0.97,0.38,0.2,126.89,4.22
"Song 417","Artist 84","Pop",2017,41,0.69,0.87,-13.41,0.93,0.67,0.32,124.87,2.58
"Song 418","Artist 59","Country",2024,55,0.94,0.37,-13.68,0.02,0.24,0.32,100.72,4.39
"Song 419","Artist 9","Rock",2024,50,0.37,0.34,-12.44,0.08,0.34,0.55,153.91,3.39
"Song 420","Artist 53","R&B",2017,89,0.61,0.2,-12.83,0.3,0.49,0.09,90.91,4.37
"Song 421","Artist 11","R&B",2020,29,0.62,0.64,-9.62,0.35,0.21,0.44,82.66,4.11
"Song 422","Artist 8","Rock",2016,23,0.42,0.35,-12.43,0.41,0.08,0.58,112.7,3.29
"Song 423","Artist 5","Hip-Hop",2019,44,0.39,0.45,-14.56,0.99,0.16,0.78,160.18,4.73
"Song 424","Artist 29","Pop",2025,44,0.51,0.43,-10.89,0.86,0.09,0.68,84.52,3.94
"Song 425","Artist 50","Pop",2023,47,0.95,0.78,-11.66,0.35,0.44,0.25,146.51,5.8
"Song 426","Artist 70","Pop",2016,28,0.91,0.52,-2.59,0.12,0.08,0.65,148.35,4.21
"Song 427","Artist 74","Hip-Hop",2024,70,0.68,0.5,-12.03,0.42,0.35,0.24,168.52,3.41
"Song 428","Artist 26","Rock",2025,98,0.81,0.67,-8.04,0.19,0.37,0.85,119.74,5.44
"Song 429","Artist 73","Classical",2017,60,0.22,0.23,-4.07,0.47,0.24,0.1,174.56,5.6
"Song 430","Artist 11","Hip-Hop",2022,63,0.38,0.5,-14.51,0.35,0.08,0.67,74.24,5.38
"Song 431","Artist 6","Electronic",2022,87,0.69,0.45,-8.29,0.29,0.64,0.52,112.99,3.68
"Song 432","Artist 96","Country",2022,30,0.74,0.37,-14.69,0.64,0.97,0.41,166.58,5.6
"Song 433","Artist 76","Rock",2018,33,0.79,0.37,-11.31,0.06,0.79,0.39,153.13,2.24
"Song 434","Artist 83","R&B",2024,40,0.7,0.71,-12.58,0.6,0.01,0.61,177.75,3.05
"Song 435","Artist 91","Rock",2018,34,0.98,0.32,-5.99,0.07,0.77,0.7,102.86,5.99
"Song 436","Artist 56","Pop",2024,57,0.59,0.89,-2.83,0.83,0.25,0.22,159.3,4.65
"Song 437","Artist 96","Jazz",2024,73,0.67,0.55,-14.91,0.74,0.65,0.06,179.08,5.14
"Song 438","Artist 27","Classical",2019,81,0.55,0.91,-2.62,0.01,0.1,0.12,154.09,2.45
"Song 439","Artist 94","Classical",2015,33,0.9,0.92,-2.23,0.72,0.64,0.74,117.43,2.98
"Song 440","Artist 68","Country",2021,83,0.65,0.74,-12.77,0.34,0.63,0.42,170.61,3.51
"Song 441","Artist 88","Rock",2025,47,0.54,0.23,-2.09,0.1,0.24,0.52,170.95,5.9
"Song 442","Artist 28","R&B",2015,47,0.89,0.93,-4.71,0.81,0.41,0.3,165.75,5.74
"Song 443","Artist 67","R&B",2023,72,0.63,0.71,-12.14,0.36,0.22,0.93,110.76,4.68
"Song 444","Artist 40","R&B",2024,53,0.9,0.44,-3.42,0.93,0.7,0.76,173.15,3.68
"Song 445","Artist 6","Jazz",2018,49,0.59,0.89,-13.94,0.91,0.54,0.65,92.12,3.02
"Song 446","Artist 36","Jazz",2025,56,0.58,0.88,-13.38,0.81,0.6,0.17,165.88,3.6
"Song 447","Artist 55","Country",2021,29,0.52,0.98,-5.2,0.86,0.65,0.79,111.09,3.57
"Song 448","Artist 94","Metal",2018,59,0.85,0.49,-14.55,0.19,0.84,0.29,175.4,5.37
"Song 449","Artist 48","Hip-Hop",2020,36,0.31,0.61,-5.41,0.21,0.57,0.52,119.94,3.96
"Song 450","Artist 10","Jazz",2022,48,0.4,0.56,-12.93,0.2,0.42,1,79.59,3.67
"Song 451","Artist 25","Metal",2024,71,0.53,0.87,-3.03,0.21,0.66,0.32,119.45,3.12
"Song 452","Artist 38","Electronic",2015,96,0.25,0.45,-11.95,0.03,0.15,0.13,117.05,4.73
"Song 453","Artist 100","Rock",2023,80,0.29,0.42,-3.69,0.08,0.87,0.99,174.07,2.73
"Song 454","Artist 25","Electronic",2024,98,0.41,0.31,-10.97,0.06,0.7,0.7,116.01,3.91
"Song 455","Artist 4","Country",2017,70,0.61,0.85,-5.46,0.06,0.37,0.42,174.32,4.93
"Song 456","Artist 79","Jazz",2021,62,0.25,0.62,-2.38,0.03,0.22,0.74,138.26,4.88
"Song 457","Artist 52","Jazz",2019,50,0.31,0.82,-11.09,0.63,0.76,0.5,145.57,2.67
"Song 458","Artist 22","Rock",2025,49,0.89,0.86,-8.49,0.26,0.42,0.87,136.87,5.68
"Song 459","Artist 24","Electronic",2024,46,0.7,0.84,-10.24,0.84,0.47,0.98,177.12,5.89
"Song 460","Artist 39","Country",2017,42,0.82,0.38,-7.71,0.39,0.5,0.82,153.87,3.68
"Song 461","Artist 47","Metal",2023,71,0.27,0.79,-4.29,0.65,0.11,0.04,152.87,5.19
"Song 462","Artist 60","Indie",2015,86,0.52,0.85,-9.07,0.96,0.88,0.31,109.9,4.1
"Song 463","Artist 63","Electronic",2024,27,0.74,0.82,-12.46,0.22,0.1,0.06,172.21,4.71
"Song 464","Artist 37","Pop",2015,70,0.89,0.42,-12.33,0.34,0.94,0.53,143.61,4.45
"Song 465","Artist 46","Indie",2019,27,0.28,0.42,-12.95,0.15,0.55,0.9,98.27,2.3
"Song 466","Artist 54","Rock",2017,65,0.73,0.3,-12.91,0.28,0.44,0.03,161.65,4.27
"Song 467","Artist 47","Rock",2019,60,0.46,0.6,-2,0.67,0.97,0.68,107.26,5.32
"Song 468","Artist 79","R&B",2021,65,0.8,0.56,-2.87,0.74,0.09,0.72,123.78,4.58
"Song 469","Artist 16","Country",2022,33,0.45,0.82,-10.1,0.93,0.15,0.99,83.38,4.02
"Song 470","Artist 19","Country",2025,57,0.85,0.31,-10.04,0.42,0.11,0.18,90.9,5.19
"Song 471","Artist 72","Hip-Hop",2021,26,0.29,0.37,-13.4,0.43,0.92,0.5,109.34,5.76
"Song 472","Artist 31","R&B",2022,39,0.45,0.48,-6.59,0.23,0.32,0.4,171.77,4.73
"Song 473","Artist 37","Pop",2018,38,0.83,0.84,-9.28,0.63,0.41,0.38,156.67,3.51
"Song 474","Artist 48","Rock",2020,36,0.82,0.25,-13.56,0.33,0.59,1,136.97,2.46
"Song 475","Artist 60","Metal",2017,75,0.99,0.47,-6.57,0.79,0.22,0.61,138.39,4.45
"Song 476","Artist 62","Rock",2018,84,0.65,0.36,-4.6,0.63,0.77,0.54,176.34,4.37
"Song 477","Artist 80","Country",2023,61,0.39,0.5,-12.7,0.14,0.8,0.06,120.96,5.93
"Song 478","Artist 9","Electronic",2023,85,0.43,0.81,-11.08,0.14,0.06,0.93,106.84,5.63
"Song 479","Artist 11","Electronic",2018,27,0.54,0.55,-10.23,0.09,0.02,0.65,116.86,2.24
"Song 480","Artist 43","Pop",2020,43,0.91,0.57,-7.31,0.49,0.44,0.26,77.49,5.36
"Song 481","Artist 30","Jazz",2024,62,0.39,0.78,-12.89,0.58,0.49,0.82,93.51,4.36
"Song 482","Artist 61","Pop",2016,43,0.99,0.53,-9.19,0.05,0.18,0.03,104,2.24
"Song 483","Artist 74","Hip-Hop",2020,81,0.23,0.64,-5.23,0.96,0.54,0.03,99.94,4.48
"Song 484","Artist 55","Hip-Hop",2025,87,0.95,0.74,-14.74,0.5,0.31,0.02,109.47,4.42
"Song 485","Artist 61","Indie",2023,46,0.43,0.39,-9.42,0.45,0.3,0.13,156.68,5.14
"Song 486","Artist 34","Electronic",2025,59,0.33,0.81,-3.26,0.81,0.08,0.64,111.28,2.35
"Song 487","Artist 57","Indie",2019,22,0.58,0.42,-11.12,0.18,0.39,0.04,100.3,3.13
"Song 488","Artist 38","Rock",2020,25,0.55,0.76,-3.97,0.8,0.35,0.83,103.48,3.04
"Song 489","Artist 84","Country",2023,65,0.31,0.3,-11.45,0.19,0.36,0.57,148.62,4.07
"Song 490","Artist 63","Rock",2020,43,0.76,0.23,-12.33,0.64,0.71,0.24,107.91,3.22
"Song 491","Artist 46","Rock",2025,57,0.84,0.43,-4.78,0.52,0.76,0.03,115.33,4.11
"Song 492","Artist 78","Country",2021,96,0.99,0.75,-7.7,0.15,0.58,0.98,173.11,5.07
"Song 493","Artist 70","Pop",2018,44,0.41,0.26,-7.32,0.66,0.18,0.06,133.78,2.59
"Song 494","Artist 18","Classical",2019,69,0.28,0.49,-13.09,0.74,0.64,0.61,177.34,2.99
"Song 495","Artist 2","Pop",2018,91,0.86,0.87,-10.1,0.5,0.53,0.46,73.42,3.05
"Song 496","Artist 72","Electronic",2015,73,0.76,0.83,-4.62,1,0.26,0.43,76,4.47
"Song 497","Artist 75","Rock",2025,74,0.9,0.76,-6.81,0.59,0.31,0.16,103.63,3.76
"Song 498","Artist 21","Pop",2022,73,0.84,0.57,-5.26,0.07,0.27,0.38,116.7,3.36
"Song 499","Artist 57","R&B",2019,32,0.97,0.34,-13.6,0.26,0.18,0.79,86.8,4.05
"Song 500","Artist 71","Pop",2023,41,0.91,0.46,-14.86,0.98,0.46,0.99,127.58,2.21
"Song 501","Artist 87","R&B",2020,92,0.95,0.56,-9.68,0.78,0.73,0.95,161.94,3.42
"Song 502","Artist 72","Rock",2023,64,0.99,0.51,-14.16,0.23,0.57,0.52,111.73,2.43
"Song 503","Artist 59","Indie",2023,85,0.96,0.44,-3.79,0.31,0.03,0.15,145.46,2.42
"Song 504","Artist 74","Country",2025,99,0.58,0.99,-12.45,0.74,0.81,0.11,111.18,5.04
"Song 505","Artist 37","Jazz",2024,61,0.89,0.95,-4.98,0.89,0.66,0.99,179.59,4.9
"Song 506","Artist 81","Electronic",2018,75,0.36,0.74,-8.08,0.28,0.7,0.22,72.13,2.09
"Song 507","Artist 55","Country",2020,31,0.73,0.44,-7.52,0.14,0.2,0.8,130.04,5.46
"Song 508","Artist 6","Country",2019,92,0.46,0.97,-13.46,0.29,0.85,0.44,114.65,2.33
"Song 509","Artist 40","Indie",2019,52,0.44,0.34,-9.34,0.12,0.25,0.28,97.48,5.04
"Song 510","Artist 6","R&B",2018,29,0.51,0.41,-5.3,0.72,0.66,0.83,176.45,2.8
"Song 511","Artist 28","Metal",2019,26,0.79,0.22,-5.21,0.08,0.8,0.99,117.22,5.96
"Song 512","Artist 32","Country",2018,49,0.26,0.26,-9.13,0.05,0.33,0.41,175.63,3.86
"Song 513","Artist 49","Electronic",2024,70,0.68,0.26,-8.22,0.71,0.03,0.64,156.47,4.81
"Song 514","Artist 99","Indie",2018,30,0.25,0.38,-8.27,0.52,0.37,0.72,134.96,2.38
"Song 515","Artist 92","Jazz",2017,23,0.9,0.81,-9.45,0.72,0.24,0.56,152.11,3.46
"Song 516","Artist 84","Classical",2015,28,0.41,0.61,-12.64,0.35,0.95,0,125.22,4.48
"Song 517","Artist 65","Classical",2021,88,0.38,0.6,-2.66,0.27,0.14,0.93,171.09,5.85
"Song 518","Artist 69","Jazz",2022,92,0.44,0.55,-5.57,0.04,0.41,0.73,93.67,4.15
"Song 519","Artist 75","Hip-Hop",2018,91,0.34,0.7,-3.44,0.11,0.45,0.29,120.67,4.2
"Song 520","Artist 47","Classical",2015,94,0.32,0.84,-7.6,0.74,0.65,0.94,124.98,3.14
"Song 521","Artist 20","Classical",2023,84,0.65,0.44,-5.35,0.15,0.25,0.79,72.92,5.83
"Song 522","Artist 2","Hip-Hop",2024,94,0.7,0.35,-8.44,0.43,0.06,0.69,157.61,4.54
"Song 523","Artist 62","Indie",2022,51,0.64,0.7,-11.01,0.25,0.66,0.94,164.72,4.39
"Song 524","Artist 63","Country",2018,32,0.27,0.44,-9.18,0.48,0.43,0.03,118.98,2.78
"Song 525","Artist 62","Metal",2024,52,0.7,0.88,-14.41,0.96,0.15,0.6,111.96,4.61
"Song 526","Artist 10","Hip-Hop",2019,91,0.32,0.35,-11.66,0.24,0.03,0.08,174.17,5.83
"Song 527","Artist 59","Hip-Hop",2021,47,0.94,0.41,-13.93,0.47,0.79,0.75,82.51,4.67
"Song 528","Artist 49","Hip-Hop",2022,92,0.44,0.94,-13.56,0.52,0.55,0.67,83.92,2.91
"Song 529","Artist 7","Indie",2021,100,0.51,0.52,-2.42,0.7,0.53,0.65,80.25,4.64
"Song 530","Artist 61","Rock",2019,99,0.96,0.55,-12.83,0.91,0.07,0.35,169.1,2.47
"Song 531","Artist 38","R&B",2016,32,0.46,0.45,-9.26,0.55,0.68,0.66,121.45,3.71
"Song 532","Artist 36","Rock",2023,99,0.62,0.38,-14.81,0.47,0.71,0.18,139.3,3.16
"Song 533","Artist 23","Pop",2018,41,0.46,0.38,-13.53,0.16,0.94,0.88,98.94,5.27
"Song 534","Artist 34","Rock",2021,47,0.88,0.91,-6.59,0.43,0.26,0.08,133.51,3.7
"Song 535","Artist 88","Country",2019,72,0.88,0.97,-11.65,0.19,0.84,0.05,167.33,5.23
"Song 536","Artist 4","Metal",2025,80,0.33,0.54,-4.77,0.61,0.68,0.57,132.69,4.18
"Song 537","Artist 54","Classical",2017,45,0.99,0.51,-11.78,0.08,0.49,0.63,174.11,5.29
"Song 538","Artist 29","Jazz",2021,67,0.66,0.94,-13.31,0.39,0.07,0.04,174.67,4.39
"Song 539","Artist 58","Rock",2016,35,0.55,0.92,-9.17,0.08,0.32,0.75,158.95,3.07
"Song 540","Artist 87","Jazz",2024,98,0.23,0.29,-5.22,0.51,0.6,0.5,171.28,2.54
"Song 541","Artist 75","Country",2023,90,0.75,0.73,-7.41,0.33,0.76,0.95,115.91,5.08
"Song 542","Artist 97","Jazz",2018,93,0.97,0.94,-12.27,0.76,0.08,0.85,160.22,5.11
"Song 543","Artist 56","R&B",2020,28,0.64,0.22,-10.07,0.83,0.2,0.29,101,3.98
"Song 544","Artist 51","Jazz",2016,94,0.78,0.61,-10.09,0.97,0.66,0.75,166.25,4.95
"Song 545","Artist 50","Metal",2023,46,0.67,0.4,-2.72,0.43,0.43,0,101.11,2.49
"Song 546","Artist 48","Hip-Hop",2022,50,0.22,0.38,-10.78,0.36,0.65,0.92,167.88,5.14
"Song 547","Artist 3","Metal",2017,37,0.66,0.96,-3.25,0.2,0.91,0.91,175.48,5.5
"Song 548","Artist 33","Pop",2017,47,0.95,0.27,-14.94,0.46,0.66,0.46,112.57,3.59
"Song 549","Artist 94","Indie",2018,50,0.9,0.98,-14.3,0.85,0.92,0.69,136.54,3.28
"Song 550","Artist 34","Electronic",2024,58,0.94,1,-6.15,0.95,0.39,0.22,146.45,3.44
"Song 551","Artist 66","Pop",2023,71,0.78,0.37,-9.02,0.73,0.35,0.36,149.64,5.24
"Song 552","Artist 64","Rock",2017,86,0.61,0.33,-9.12,0.45,0.97,0.41,111.73,5.08
"Song 553","Artist 40","Electronic",2020,43,0.39,0.93,-4.12,0.95,0.18,0.14,142.34,5.3
"Song 554","Artist 58","Country",2017,86,0.29,0.4,-6.87,0.87,0.81,0.64,152.28,5.89
"Song 555","Artist 20","Pop",2016,99,0.34,0.74,-12.61,0.55,0.7,0.08,130.64,3.04
"Song 556","Artist 78","Hip-Hop",2022,53,0.67,0.38,-2.1,0.43,0.67,0.89,95.27,3.25
"Song 557","Artist 25","Metal",2016,77,0.43,0.48,-11.99,0.58,0.58,0.64,137.1,3.96
"Song 558","Artist 71","R&B",2015,27,0.61,0.87,-7.73,0.9,0.51,0.66,153.97,4.41
"Song 559","Artist 40","Electronic",2022,73,0.8,0.4,-5.18,0.45,0.75,0.49,115.35,2.86
"Song 560","Artist 61","Country",2016,94,0.98,0.7,-2.27,0.05,0.47,0.19,126.05,5.14
"Song 561","Artist 99","Pop",2018,69,0.27,0.35,-4.86,0.02,0.25,0.63,118.87,2.61
"Song 562","Artist 95","Jazz",2020,63,0.63,0.37,-6.32,0.41,0.81,0.69,167.5,3.42
"Song 563","Artist 22","R&B",2025,82,0.82,0.5,-5.2,0.58,0.09,0.1,142.67,5.9
"Song 564","Artist 80","Country",2019,73,0.25,0.57,-4.43,0.09,0.09,0.29,89.75,3.67
"Song 565","Artist 86","Metal",2022,35,0.39,0.33,-6.37,0.78,0.73,0.27,93.02,5.99
"Song 566","Artist 93","R&B",2023,25,0.72,0.91,-12.45,0.49,0.45,0.06,139.65,5.36
"Song 567","Artist 56","Country",2018,62,0.61,0.22,-2.29,0.77,0.9,0.23,80.27,4.35
"Song 568","Artist 33","R&B",2021,47,0.82,0.5,-5.85,0.4,0.68,0.13,77.97,2.06
"Song 569","Artist 64","Metal",2022,41,0.65,0.78,-12.74,0.36,0.46,0.99,137.81,5.22
"Song 570","Artist 53","Rock",2020,44,0.84,0.85,-11.91,0.14,0.42,0.88,159.74,2.25
"Song 571","Artist 31","Rock",2024,45,0.77,0.92,-13.27,0.79,0.51,0.86,134.11,2.2
"Song 572","Artist 46","Hip-Hop",2016,37,0.9,0.36,-11.62,0.74,0.4,0.57,104.56,2.5
"Song 573","Artist 72","Pop",2022,69,0.61,0.59,-12.88,0.43,0.15,0.97,83.32,2.83
"Song 574","Artist 24","Indie",2025,33,0.54,0.82,-10.8,0.7,0.07,0.24,100.29,5.4
"Song 575","Artist 60","Country",2025,44,0.57,0.72,-5.7,0.31,0.06,0.77,145.38,4.58
"Song 576","Artist 30","Electronic",2019,83,0.75,0.7,-7.74,0.67,0.85,0.6,73.2,4.99
"Song 577","Artist 23","Electronic",2024,70,0.85,0.9,-12.48,0.03,0.9,0.67,166.05,3.69
"Song 578","Artist 96","Hip-Hop",2017,71,0.8,0.92,-11.33,0.21,0,0.49,83.62,5.14
"Song 579","Artist 17","Country",2016,25,0.91,0.29,-8.64,0.84,0.63,0.67,133.41,2.16
"Song 580","Artist 90","R&B",2017,74,0.37,0.94,-11.58,0.42,0.46,0.88,142.55,2.57
"Song 581","Artist 59","R&B",2025,71,0.53,0.37,-5.91,0.08,0.94,0.53,132.5,4.19
"Song 582","Artist 57","Hip-Hop",2023,27,0.43,0.54,-3.17,0.29,0.91,0.73,80.79,3.24
"Song 583","Artist 43","R&B",2015,31,0.49,0.92,-6.82,0.42,0.49,0.44,149.24,3.84
"Song 584","Artist 23","Indie",2015,39,0.28,0.5,-10.03,0.63,0.33,1,154.86,4.73
"Song 585","Artist 90","Electronic",2025,83,0.36,0.77,-11.02,0.91,0.59,0.98,99.04,5.68
"Song 586","Artist 100","Indie",2023,58,0.5,0.86,-13.93,0.05,0.24,0.03,84.03,3.65
"Song 587","Artist 45","Pop",2024,25,0.44,0.77,-9.47,0.03,0.05,0.37,74.18,3.99
"Song 588","Artist 8","Rock",2017,70,0.81,0.83,-13.56,0.46,0.47,0.39,90.42,5.89
"Song 589","Artist 79","Pop",2018,65,0.78,0.77,-9.49,0.96,0.92,0.42,160.93,4.76
"Song 590","Artist 36","Metal",2023,96,0.41,0.31,-13.44,0.91,0.54,0.52,102.33,3.82
"Song 591","Artist 67","R&B",2020,26,0.94,0.25,-4.1,0.65,0.16,0.6,84.99,5.16
"Song 592","Artist 39","Metal",2019,31,0.31,0.79,-5.76,0.41,0.04,0.46,96.4,4.32
"Song 593","Artist 33","Pop",2021,35,0.95,0.85,-14.71,0.24,0.26,0.34,82.85,4.27
"Song 594","Artist 38","Metal",2023,45,0.5,0.5,-7.27,0.78,0.47,0.31,161.28,5.5
"Song 595","Artist 90","Electronic",2018,90,0.22,0.38,-2.03,0.17,0.03,0.44,147.44,2.79
"Song 596","Artist 28","Hip-Hop",2016,83,0.83,0.35,-13.67,0.23,1,0.55,88.7,5.63
"Song 597","Artist 90","Metal",2025,70,0.73,0.46,-2.48,0.2,0.98,0.42,118.98,4.72
"Song 598","Artist 81","Jazz",2016,83,0.38,0.85,-10.46,0.6,0.8,0.79,153.02,3.22
"Song 599","Artist 87","Metal",2019,55,0.3,0.44,-4.97,0.72,0.45,0.31,112.44,2.97
"Song 600","Artist 53","Electronic",2019,90,0.88,0.2,-8.85,0.05,0.3,0.27,170.83,5.14
"Song 601","Artist 10","Pop",2021,78,0.92,0.8,-9.57,0.72,0.65,0.96,126.55,4.23
"Song 602","Artist 41","Rock",2019,67,0.45,0.43,-4.38,0.37,0.87,0.14,117.3,5
"Song 603","Artist 8","Rock",2024,80,0.43,0.77,-13.95,0.81,0.86,0.11,144.69,2.89
"Song 604","Artist 1","Metal",2019,29,0.87,0.77,-2.39,0.49,0.7,0.35,117.73,2.36
"Song 605","Artist 80","Pop",2018,47,0.61,0.89,-5.2,0.91,0.93,0.05,93.24,3.4
"Song 606","Artist 66","R&B",2020,30,0.25,0.88,-4.29,0.83,0.49,0.51,120.03,3.13
"Song 607","Artist 78","Metal",2021,100,0.62,0.61,-6.14,0.93,0.82,0.48,121.72,3.95
"Song 608","Artist 12","Classical",2015,20,0.27,0.37,-12.38,0.61,0.21,0.12,116.56,3.39
"Song 609","Artist 90","Classical",2022,75,0.82,0.61,-2.28,0.02,0.44,0.79,156.4,2.19
"Song 610","Artist 72","Rock",2025,66,0.42,0.5,-9.63,0.69,0.13,0.51,136.2,3.39
"Song 611","Artist 41","Electronic",2018,82,0.64,0.91,-8.82,0.4,0.48,0.26,79.01,5.76
"Song 612","Artist 8","Pop",2025,40,0.36,0.77,-14.77,0.61,0.72,0.94,102.47,3.17
"Song 613","Artist 57","Pop",2022,49,0.47,0.3,-10.21,0.26,0.91,0.45,107.26,4.98
"Song 614","Artist 73","Metal",2019,99,0.87,0.89,-14.38,0.8,0.7,0.98,83.11,4.67
"Song 615","Artist 52","Classical",2018,70,0.48,0.99,-9.04,0.31,0.6,0.24,108.58,5.09
"Song 616","Artist 97","Electronic",2016,24,0.79,0.41,-13.23,0.94,0.58,0.09,159.77,5.21
"Song 617","Artist 67","Electronic",2025,83,0.34,0.93,-8.74,0.66,0.48,0.66,76.31,3.11
"Song 618","Artist 40","Hip-Hop",2023,95,0.93,0.57,-14.38,0.48,0.31,0.73,124.29,3.01
"Song 619","Artist 2","Rock",2019,62,0.23,0.23,-11.97,0.92,0.93,0.34,93.17,4.09
"Song 620","Artist 65","R&B",2020,87,0.25,0.73,-8.76,0.7,0.35,0.93,132.8,5.31
"Song 621","Artist 73","Country",2017,100,0.31,0.68,-7.22,0.72,0.79,0.58,157.19,2.26
"Song 622","Artist 7","Jazz",2025,43,0.79,0.3,-2.77,0.62,0.32,0.3,149.9,4.63
"Song 623","Artist 77","Classical",2022,51,0.29,0.67,-8.28,0.18,0.42,0.68,173.2,5.16
"Song 624","Artist 29","Indie",2016,70,0.72,0.7,-10.54,0.32,0.89,0.37,136.33,2.24
"Song 625","Artist 20","R&B",2025,36,0.96,0.41,-13.26,0.29,0.67,0.59,94.83,3.23
"Song 626","Artist 78","Metal",2019,87,0.72,0.31,-4.81,0.46,0.47,0.61,138.14,2.74
"Song 627","Artist 80","Indie",2018,96,0.78,0.22,-6.42,0.2,0.46,0.34,163.91,5.21
"Song 628","Artist 7","Country",2023,34,0.79,0.6,-4.99,0.12,0.6,0.67,98.54,4.84
"Song 629","Artist 100","Indie",2019,63,0.47,0.38,-14.66,0.39,0.8,0.77,141.33,3.81
"Song 630","Artist 45","Metal",2016,73,0.25,0.89,-3.95,0.99,0.8,0.06,142.47,3.8
"Song 631","Artist 76","Classical",2016,52,0.53,0.59,-13.44,0.95,0,0.93,168.28,5.75
"Song 632","Artist 25","Country",2016,65,0.77,0.38,-13.33,0.49,0.16,0.96,86.46,5.91
"Song 633","Artist 91","Classical",2017,69,0.68,0.52,-8.76,0.75,0.68,0.73,74.61,3.22
"Song 634","Artist 13","Jazz",2020,23,0.54,0.76,-13.52,0.17,0.94,0.69,135.37,4.31
"Song 635","Artist 84","Jazz",2020,32,0.6,0.41,-8.49,0.76,0.22,0.41,102.16,4.3
"Song 636","Artist 10","Electronic",2017,84,0.65,0.75,-2.62,0.75,0.34,0.47,167.68,2.21
"Song 637","Artist 94","Hip-Hop",2019,72,0.71,0.47,-3.46,0.58,0.35,0.76,159.56,2.44
"Song 638","Artist 41","Classical",2019,90,0.48,0.44,-2.81,0.16,0.68,0.44,100.41,5.97
"Song 639","Artist 12","Indie",2022,63,0.23,0.64,-3.49,0.73,0.78,0.44,78.02,3.28
"Song 640","Artist 8","Hip-Hop",2025,55,0.81,0.82,-9,0.68,0.32,0.19,80.6,3.61
"Song 641","Artist 71","Electronic",2015,29,0.47,0.82,-3.2,0.97,0.37,0.78,113.37,3.37
"Song 642","Artist 15","Jazz",2017,50,0.87,0.44,-7.81,0.75,0.91,0.66,116.04,4.14
"Song 643","Artist 83","Indie",2017,55,0.23,0.8,-5.6,0.68,0.19,0.31,149.54,2.13
"Song 644","Artist 49","R&B",2023,37,0.53,0.81,-11.11,0.6,0.17,0.55,87.21,4.47
"Song 645","Artist 39","Country",2023,59,0.75,0.61,-6.29,0.7,0.92,0.78,135.62,3.26
"Song 646","Artist 87","Indie",2021,62,0.68,0.79,-13.66,0.31,0.76,0.98,141.1,4.18
"Song 647","Artist 35","Country",2020,39,0.61,0.86,-14.13,0.67,0.05,0.8,163.9,2.96
"Song 648","Artist 6","Classical",2025,64,0.96,0.41,-4.81,0.04,0.22,0.47,126.02,4.86
"Song 649","Artist 71","Rock",2020,66,0.77,0.91,-13.9,0.85,0.44,0.79,165.27,4.19
"Song 650","Artist 4","Metal",2025,98,0.21,0.41,-14.11,0.39,0.74,0.45,166.57,5.32
"Song 651","Artist 74","Jazz",2015,75,0.35,1,-14.33,0.16,0.91,0.69,70.67,2.5
"Song 652","Artist 81","Indie",2024,46,0.63,0.69,-10.64,0.88,0.57,0.68,123.03,2.24
"Song 653","Artist 48","Hip-Hop",2025,77,0.65,0.72,-10.14,0.14,0.65,0.6,136.76,3.06
"Song 654","Artist 8","Hip-Hop",2017,90,0.97,0.33,-13.88,0.9,0.36,0.08,144.11,5.68
"Song 655","Artist 53","Rock",2015,43,0.5,0.22,-10.14,0.36,0.49,0.2,174.42,5.65
"Song 656","Artist 67","Jazz",2019,42,0.48,0.32,-4.72,0.82,0.71,1,123.38,4
"Song 657","Artist 53","Hip-Hop",2019,59,0.66,0.31,-6.19,0.84,0.07,0.12,126.57,3.55
"Song 658","Artist 14","Indie",2020,54,0.37,0.89,-14.59,0.78,0.96,0.33,165.19,4.53
"Song 659","Artist 28","Jazz",2021,58,0.43,0.36,-6.85,0.67,0.54,0.75,158.99,5.39
"Song 660","Artist 6","Classical",2025,88,0.67,0.9,-13.07,0.55,0.38,0.29,108.82,4.61
"Song 661","Artist 9","Pop",2021,94,0.8,0.64,-4.11,0.26,0.43,0.86,153.27,4.8
"Song 662","Artist 33","Pop",2019,34,0.36,0.49,-7.79,0.94,0.22,0.02,137.36,2.43
"Song 663","Artist 46","Metal",2023,21,0.37,0.32,-2.96,0.8,0.59,0.9,150.95,4.52
"Song 664","Artist 64","Country",2024,44,0.24,0.84,-4.74,0.18,0.16,0.37,130.12,3.45
"Song 665","Artist 19","Country",2016,40,0.76,0.73,-6.74,0.98,0.94,0.84,162.54,3.39
"Song 666","Artist 98","Classical",2019,51,0.45,0.65,-14.66,0.84,0.14,0.24,179.02,3.79
"Song 667","Artist 1","Hip-Hop",2022,68,0.73,0.47,-6.87,0.24,0.24,0.32,155.01,4.88
"Song 668","Artist 92","Hip-Hop",2017,53,0.21,0.68,-2.64,0.09,0.59,0.43,144.65,4.24
"Song 669","Artist 52","Jazz",2024,81,0.8,0.73,-6.44,0.82,0.18,0.93,170.49,2.93
"Song 670","Artist 94","Pop",2018,88,0.34,0.57,-3.14,0.99,0.22,0.94,170.34,3.58
"Song 671","Artist 68","Pop",2020,90,0.54,0.75,-13.29,0.85,0.23,0.25,113.01,2.6
"Song 672","Artist 90","Metal",2022,40,0.72,0.94,-4.67,0.27,0.06,0.02,80.98,3.25
"Song 673","Artist 75","Metal",2019,78,0.52,0.63,-14.77,1,0.09,0.9,72.43,3.45
"Song 674","Artist 5","Hip-Hop",2016,37,0.82,0.24,-6.89,0.23,0.81,0.66,136.45,5.15
"Song 675","Artist 100","Indie",2018,35,0.9,0.61,-6.07,0.04,0.12,0.2,79.6,3.34
"Song 676","Artist 19","Electronic",2025,79,0.6,0.93,-10.25,0.75,0.43,0.65,91.48,4.84
"Song 677","Artist 35","Classical",2020,49,0.26,0.45,-5.4,0.92,0.29,0.28,81.59,4.72
"Song 678","Artist 33","Metal",2016,77,0.57,0.81,-8.3,0.94,0.43,0.18,139.2,3.31
"Song 679","Artist 69","Indie",2018,48,0.97,0.91,-8.22,0.65,0.57,1,119.45,2.93
"Song 680","Artist 61","Rock",2020,56,0.57,0.7,-11.14,0.11,0.64,0.31,150.6,5.87
"Song 681","Artist 23","Rock",2017,29,0.82,0.21,-7.09,0.6,0.27,0.76,153.56,2.53
"Song 682","Artist 41","Hip-Hop",2021,56,0.76,0.79,-9.31,0.81,0.67,0.86,120.14,2.64
"Song 683","Artist 89","Country",2020,68,0.86,0.32,-14.67,0.39,0,0.11,78.4,2.71
"Song 684","Artist 63","Metal",2023,26,0.25,0.32,-3.36,0.82,0.51,0.29,81.16,4.64
"Song 685","Artist 49","Country",2015,53,0.77,0.21,-13.71,0.66,0.72,0.5,157.02,4.89
"Song 686","Artist 85","Classical",2018,37,0.5,0.57,-10.98,0.39,0.77,0.05,127.7,2.47
"Song 687","Artist 69","Jazz",2025,99,0.39,0.58,-8.56,0.36,0.37,0.7,77.94,4.74
"Song 688","Artist 64","Jazz",2018,99,0.84,0.46,-11.8,0.56,0.96,0.25,122.49,4.78
"Song 689","Artist 76","Country",2018,100,0.71,0.39,-9.32,0.86,0.46,0.29,96.01,4.83
"Song 690","Artist 2","Classical",2016,92,0.43,0.74,-5.22,0.79,0.8,0.82,174.46,2.09
"Song 691","Artist 18","R&B",2017,26,0.51,0.99,-6.08,0.38,0.28,0.38,114.87,2.43
"Song 692","Artist 4","Classical",2017,86,0.31,0.95,-13.99,0.12,0.5,0.05,137.09,2.21
"Song 693","Artist 87","Indie",2025,43,0.7,0.7,-5.3,0,0.66,0.31,71.5,5.42
"Song 694","Artist 72","Electronic",2015,35,0.65,0.22,-8.45,0.02,0.12,0.23,154.78,4.54
"Song 695","Artist 65","Electronic",2023,36,0.28,0.36,-6.75,0.75,0.59,0.4,83.94,3.82
"Song 696","Artist 75","Indie",2024,61,0.74,0.9,-4.65,0.56,0.37,0.73,73.59,4.48
"Song 697","Artist 11","Rock",2019,37,0.37,0.29,-8.05,0.85,0.19,0.56,99.66,5.09
"Song 698","Artist 79","Pop",2015,81,0.69,0.66,-5.34,0.45,0.48,0.68,178.97,5.17
"Song 699","Artist 79","Electronic",2023,45,0.45,0.5,-2.35,0.06,0.15,0.97,110.87,4.3
"Song 700","Artist 57","Hip-Hop",2022,60,0.79,0.71,-7.84,0.68,0.43,0.9,87.56,4.93
"Song 701","Artist 56","Classical",2023,53,0.47,0.21,-3.14,0.42,0.39,0.51,77.76,4.84
"Song 702","Artist 15","Country",2019,52,0.32,0.37,-7.42,0.1,0.31,0.62,88.81,5.39
"Song 703","Artist 79","Classical",2024,48,0.67,0.24,-4.32,0.62,0.43,0.32,112.15,3.78
"Song 704","Artist 52","R&B",2018,74,0.85,0.35,-7.31,0.02,0.68,0.28,172.82,4.45
"Song 705","Artist 61","Rock",2020,61,0.32,0.91,-11.44,0.63,0.98,0.17,116.44,2.15
"Song 706","Artist 89","Classical",2021,91,0.8,0.32,-7.05,0.37,0.91,0.35,127.26,2.16
"Song 707","Artist 36","Hip-Hop",2023,29,0.93,0.32,-7,0.35,0.29,0.92,148.34,4.75
"Song 708","Artist 3","Jazz",2016,56,0.69,0.99,-5.85,0.46,0.06,0.18,87.18,3.6
"Song 709","Artist 7","Indie",2017,29,0.7,0.56,-9.66,0.22,0.91,0.91,154.14,3.8
"Song 710","Artist 68","Metal",2016,23,0.75,0.96,-11.64,0.68,0.88,0.03,177.66,5.09
"Song 711","Artist 53","Classical",2020,79,0.3,0.78,-14.65,0.94,0.04,0.9,121.84,3.29
"Song 712","Artist 24","Pop",2019,69,0.26,0.56,-14.91,0.17,0.32,0.42,104.74,4.35
"Song 713","Artist 68","Classical",2017,91,0.28,0.68,-12.87,0.95,0.28,0.48,114.9,5.96
"Song 714","Artist 67","Rock",2016,32,0.98,0.96,-13.83,0.29,0.76,0.31,70.5,2.85
"Song 715","Artist 11","Rock",2023,93,0.76,0.76,-9.98,0.22,0.77,0.77,148.5,2.52
"Song 716","Artist 74","Electronic",2015,73,0.41,0.24,-8.28,0.32,0.16,0.22,168.04,3.73
"Song 717","Artist 93","Country",2015,36,0.97,0.79,-6.79,0.85,0.77,0.39,94.81,4.12
"Song 718","Artist 87","Country",2021,81,0.9,0.87,-9.66,0.98,0.46,0.48,132.63,2.52
"Song 719","Artist 5","Metal",2025,39,0.83,0.65,-6.21,0.1,0.75,0.85,98.52,3.82
"Song 720","Artist 88","Jazz",2023,94,0.91,0.47,-2.5,0.83,0.86,0.47,127.44,4.65
"Song 721","Artist 32","Metal",2015,93,0.69,0.8,-13.4,0.03,0.87,0.08,125.75,3.75
"Song 722","Artist 89","Metal",2023,61,0.27,0.98,-13.42,0.9,0.01,0.95,87.9,2.41
"Song 723","Artist 11","Electronic",2025,29,0.54,0.63,-9.64,0.51,0.55,0.6,154.59,5.41
"Song 724","Artist 74","Electronic",2016,82,0.46,0.87,-11.53,0.23,0.44,0.92,134.12,3.18
"Song 725","Artist 79","Rock",2022,55,0.28,0.91,-8.24,0.19,0.63,0.69,151.35,2.97
"Song 726","Artist 60","Indie",2022,34,0.59,0.23,-14.03,0.76,0.68,0.34,142.3,2.96
"Song 727","Artist 31","R&B",2017,46,0.47,0.42,-9.48,0.43,0.35,0.51,87.95,3.25
"Song 728","Artist 74","Electronic",2015,50,0.35,0.88,-8,0.13,0.09,0.52,90.79,6
"Song 729","Artist 45","Jazz",2024,56,0.38,0.74,-9.22,0.11,0.23,0.7,70.39,5.71
"Song 730","Artist 59","Pop",2016,38,0.71,0.24,-10.78,0.6,0.43,0.62,158.45,5.93
"Song 731","Artist 24","Country",2023,23,0.51,0.28,-3.68,0.59,0.38,0.07,104.26,2.3
"Song 732","Artist 35","Rock",2023,88,0.56,0.98,-7.2,0.62,0.52,0.5,169.74,2.75
"Song 733","Artist 10","Classical",2023,22,0.66,0.27,-2.73,0.53,1,0.41,126.86,2.59
"Song 734","Artist 64","Indie",2024,62,0.43,0.23,-2.5,0.91,0.24,0.87,151.8,3.99
"Song 735","Artist 72","R&B",2024,57,0.52,0.52,-11.09,0.91,0.71,0.6,135.96,5.93
"Song 736","Artist 44","R&B",2016,46,0.38,0.3,-10.25,0.95,0.26,0.43,156.86,2.17
"Song 737","Artist 42","Country",2017,72,0.78,0.42,-12.68,0.75,0.24,0.81,132.85,2.65
"Song 738","Artist 32","Classical",2022,43,0.85,0.65,-8.97,0.4,0.36,0.95,170.76,5.96
"Song 739","Artist 39","Classical",2021,47,0.73,0.4,-4.77,0.04,0.97,0.4,153.28,4.38
"Song 740","Artist 7","Country",2024,58,0.71,0.4,-8.52,0.91,0.52,0.42,86.86,4.95
"Song 741","Artist 38","Metal",2015,40,0.44,0.91,-10.91,0.97,0.16,0.66,73.86,5.57
"Song 742","Artist 17","Country",2025,62,0.29,0.72,-2.3,0.71,0.64,0.03,153.3,3.84
"Song 743","Artist 84","Indie",2023,81,0.31,0.47,-10.51,0.76,0.34,0.47,178.57,5.33
"Song 744","Artist 33","Classical",2019,49,0.96,0.28,-11.73,0.81,0.48,0.22,112.28,4.22
"Song 745","Artist 74","R&B",2019,41,0.53,0.93,-8.31,0.59,0.77,0.1,82.75,2.36
"Song 746","Artist 74","Metal",2019,32,0.9,0.26,-4.1,0.25,0.81,0.91,74.81,4.33
"Song 747","Artist 2","Pop",2023,78,0.77,0.23,-11.66,0.28,0.19,0.2,84.98,3.22
"Song 748","Artist 79","Classical",2017,77,0.6,0.79,-5.82,0.73,0.45,0.29,107.97,2.12
"Song 749","Artist 87","Pop",2020,100,0.6,0.98,-11.45,0.64,0.96,0.63,74.36,5.4
"Song 750","Artist 99","Electronic",2024,84,0.98,0.46,-7.07,0.08,0.82,0.76,79.74,5.27
"Song 751","Artist 66","Rock",2019,44,0.43,0.49,-7.28,0.67,0.04,0.27,100.29,5.03
"Song 752","Artist 70","Classical",2020,78,0.3,0.49,-6.82,0.06,0.88,0.1,113.3,4.63
"Song 753","Artist 59","Classical",2017,36,0.57,0.87,-11.35,0.52,0.46,0.55,117.01,3.65
"Song 754","Artist 47","Classical",2021,27,0.24,0.84,-2.59,0.88,0.92,0.81,86.76,2.67
"Song 755","Artist 9","Electronic",2017,70,0.78,0.2,-2.75,0.29,0.74,0.2,125.39,5.88
"Song 756","Artist 23","Classical",2018,29,0.2,0.3,-2.6,0.71,0.53,0.09,90.55,3.37
"Song 757","Artist 25","Pop",2023,27,0.59,0.21,-8.31,0.02,0.21,0.66,165.41,4.1
"Song 758","Artist 15","Hip-Hop",2020,40,0.41,0.52,-4.38,0.52,0.52,0.81,131.88,3.96
"Song 759","Artist 86","Hip-Hop",2024,20,0.5,0.86,-9.37,0.59,0.08,0.93,175.25,2.95
"Song 760","Artist 72","Indie",2020,67,0.43,0.28,-14.84,0.79,0.6,0.97,178.79,3.22
"Song 761","Artist 93","R&B",2016,87,0.49,0.87,-10.35,0.26,0.05,0.73,130.79,2.82
"Song 762","Artist 21","Pop",2015,28,0.85,0.94,-6.66,0.66,0.79,0.51,128.15,3.85
"Song 763","Artist 48","Electronic",2021,47,0.83,0.96,-13.9,0.82,0.37,0.79,145.03,2.91
"Song 764","Artist 73","Pop",2023,45,0.92,0.74,-6.59,0.49,0.96,0.83,170.63,3.63
"Song 765","Artist 98","Hip-Hop",2021,55,0.71,0.73,-7.12,0.2,0.81,0.13,143.82,3.3
"Song 766","Artist 43","Classical",2025,24,0.65,0.62,-6.35,0.91,0.4,0.75,156.03,3.56
"Song 767","Artist 56","Rock",2024,30,0.38,0.33,-3.62,0.16,0.36,0.73,86.9,5.37
"Song 768","Artist 75","Indie",2022,46,0.52,0.84,-8.45,0.6,0.96,0.21,78.76,3.74
"Song 769","Artist 4","R&B",2017,65,0.75,0.71,-11.84,0.11,0.83,0.68,101.71,3.04
"Song 770","Artist 71","Rock",2021,75,0.44,0.92,-5.92,0.86,0.59,0.11,88.74,2.95
"Song 771","Artist 56","Electronic",2022,100,0.4,0.52,-12.87,0.97,0.31,0.69,167.21,5.68
"Song 772","Artist 50","R&B",2021,73,0.85,0.45,-2.86,0.88,0.18,0.97,171.95,2.08
"Song 773","Artist 11","Electronic",2023,24,0.94,0.85,-3.12,0.97,0.51,0.04,105.78,4.44
"Song 774","Artist 97","Hip-Hop",2015,37,0.38,0.49,-8.39,0.14,0.09,0.37,140.76,4.38
"Song 775","Artist 75","Country",2015,98,0.75,0.91,-9.07,0.58,0.16,0.64,81.73,5.35
"Song 776","Artist 60","Metal",2023,34,0.55,0.66,-6.3,0.66,0.85,0.22,142.96,3.84
"Song 777","Artist 85","Classical",2016,95,0.24,0.85,-10.48,0.39,0.94,0.62,169.54,3.91
"Song 778","Artist 74","Classical",2025,31,0.43,0.85,-13.2,0.68,0.91,0.87,178.35,4.83
"Song 779","Artist 67","Electronic",2018,32,0.76,0.23,-2.51,0.75,0.78,0.03,104.41,5.23
"Song 780","Artist 99","Classical",2018,38,0.44,0.69,-8.36,0.56,0.84,0.6,78.04,2.75
"Song 781","Artist 98","Classical",2025,81,0.64,0.51,-9.25,0.21,0.95,0.62,94.66,5.19
"Song 782","Artist 58","Rock",2017,33,0.58,0.65,-5.14,0.05,0.94,0.18,167.5,5.21
"Song 783","Artist 40","Classical",2023,58,0.55,0.65,-5.42,0.53,0.55,0.81,117.38,4.12
"Song 784","Artist 92","Jazz",2016,95,0.66,0.54,-3.91,0.1,0.62,0.16,112.8,2.84
"Song 785","Artist 13","Pop",2017,28,0.89,0.95,-3.36,0.16,0.6,0.07,107.53,4.05
"Song 786","Artist 8","Pop",2025,54,0.72,0.43,-9.45,0.96,0.75,0.05,153.33,2.83
"Song 787","Artist 2","R&B",2018,57,0.65,0.59,-8.3,0.81,0.56,0.86,168.01,3.13
"Song 788","Artist 6","Classical",2016,73,0.4,0.42,-8.61,0.82,0.56,0.84,169.02,4.75
"Song 789","Artist 87","R&B",2019,33,0.61,0.53,-6.37,0.74,0.95,0.87,99.63,2.24
"Song 790","Artist 17","Electronic",2017,26,0.26,0.41,-14.78,0.28,1,0.07,172.68,3.58
"Song 791","Artist 32","Rock",2021,24,0.29,0.76,-6.85,0.35,0.85,0.54,155.28,5.37
"Song 792","Artist 78","Indie",2023,36,0.97,0.37,-3.3,0.03,0.15,0.09,138.57,2.75
"Song 793","Artist 71","Hip-Hop",2019,42,0.97,0.37,-6.31,0.13,0.62,0.32,121.66,3.85
"Song 794","Artist 77","R&B",2023,49,0.79,0.54,-4.82,0.05,0.13,0.89,144.67,5.32
"Song 795","Artist 72","Jazz",2022,57,0.2,0.65,-5.52,0.12,0.99,0.57,140.04,4.16
"Song 796","Artist 75","Rock",2018,50,0.87,0.21,-9.28,0.06,0.11,0.52,82.02,5.34
"Song 797","Artist 17","Pop",2021,77,0.72,0.36,-12.02,0.94,0.95,0.08,174.65,5.66
"Song 798","Artist 71","Indie",2022,82,0.34,0.7,-5.69,0.23,0.64,0.24,177.26,3.79
"Song 799","Artist 55","Classical",2019,51,0.45,0.82,-2.08,0.38,0.99,0.57,120.22,5.84
"Song 800","Artist 19","Classical",2016,35,0.3,0.33,-6.87,0.68,0.02,0.61,133.63,4.77
"Song 801","Artist 15","Pop",2018,67,0.67,0.21,-7.93,0.86,0.29,0.6,171,5.39
"Song 802","Artist 46","Classical",2015,22,0.67,0.56,-7.7,0.75,0.66,0.37,139.13,5.04
"Song 803","Artist 14","Classical",2016,26,0.88,0.96,-4.9,0.5,0.76,0.89,166.44,3.91
"Song 804","Artist 90","Metal",2018,81,0.34,0.6,-2.46,0.57,0.86,0.18,113.96,3.43
"Song 805","Artist 27","Indie",2018,92,0.45,0.98,-9.15,0.65,0.79,0.41,142.4,4.59
"Song 806","Artist 81","Metal",2017,62,0.8,1,-13.67,0.01,0.93,0.64,71.84,3.52
"Song 807","Artist 33","Classical",2015,100,0.43,0.26,-13.98,0.1,0.11,0.52,83.08,2.92
"Song 808","Artist 50","Jazz",2021,43,0.78,0.72,-12.31,0.84,0.55,0.93,148.36,5.52
"Song 809","Artist 18","Indie",2025,64,0.62,0.46,-4.39,0.01,0.73,0.73,148.22,4.26
"Song 810","Artist 20","Electronic",2024,60,0.89,0.86,-6.33,0.05,0.41,0.96,161.04,4.42
"Song 811","Artist 91","Electronic",2015,90,1,0.83,-9.63,0.88,0.15,0.98,154.1,5.72
"Song 812","Artist 42","Country",2015,61,0.57,0.94,-8.01,0.11,0.71,0.27,104.31,5.05
"Song 813","Artist 74","Pop",2020,45,0.42,0.43,-2.01,0.03,0.68,0.22,113.62,4.76
"Song 814","Artist 53","Rock",2023,38,0.48,0.76,-11.66,0.93,0.39,0.69,152.76,4.11
"Song 815","Artist 63","Country",2022,38,0.36,0.23,-7.81,0.54,0.97,0.81,139.64,4.97
"Song 816","Artist 73","R&B",2025,71,0.27,0.47,-4.04,0.21,0.64,0.27,110.97,5.25
"Song 817","Artist 31","Metal",2022,73,0.28,0.23,-3.49,0.16,0.42,0.3,154.16,3.34
"Song 818","Artist 83","Country",2017,86,0.64,0.43,-5.08,0.18,0.66,0.17,164.45,5.39
"Song 819","Artist 55","Country",2015,46,0.23,0.4,-3.19,0.32,0.61,0.54,110.23,4.85
"Song 820","Artist 18","Metal",2016,42,0.99,0.34,-3.53,0.88,0.24,0.05,111.51,4.7
"Song 821","Artist 44","Indie",2020,69,0.98,0.34,-9.44,0.71,0.28,0.48,84.48,3.6
"Song 822","Artist 92","Hip-Hop",2016,72,0.55,0.44,-12.89,0.91,0.62,0.72,168.88,5.41
"Song 823","Artist 21","Jazz",2021,76,0.61,0.63,-9.99,0.71,0.29,0.89,107.02,5.23
"Song 824","Artist 29","Electronic",2019,96,0.44,0.78,-14.65,0.55,0.61,0.27,167.4,5.58
"Song 825","Artist 36","Pop",2023,45,0.65,0.96,-5.36,0.47,0.13,0.55,179.29,2.15
"Song 826","Artist 84","R&B",2018,94,0.26,0.22,-8.55,0.89,0.99,0.41,86.2,2.64
"Song 827","Artist 23","Classical",2023,91,0.39,0.66,-14.55,0.62,0.57,0.45,75.33,3.26
"Song 828","Artist 42","Pop",2016,26,0.55,0.98,-10.27,0.89,0.75,0.11,176.16,3.4
"Song 829","Artist 69","Indie",2022,22,0.22,0.3,-8.6,0.13,0.91,0.59,85.17,5.14
"Song 830","Artist 66","Metal",2016,38,0.24,0.67,-14.69,0.71,0.82,0.5,104.66,4.9
"Song 831","Artist 82","Indie",2019,95,0.31,0.55,-8.49,0.5,0.15,0.96,157.5,2.06
"Song 832","Artist 76","Pop",2021,33,0.81,0.44,-12.87,0.65,0.59,0.95,148.12,2.31
"Song 833","Artist 62","Indie",2016,48,0.95,0.46,-5.97,0.47,0.22,0.81,86.27,3.16
"Song 834","Artist 64","Metal",2016,62,0.64,0.32,-9.26,0.74,0.79,0.56,138.1,2.68
"Song 835","Artist 77","Jazz",2017,83,0.35,0.6,-4.08,0.83,0.35,0.24,82.59,4.67
"Song 836","Artist 51","Metal",2022,64,1,0.78,-14.73,0.96,0.05,0.34,174.21,5.74
"Song 837","Artist 18","Pop",2022,79,0.83,0.64,-3.13,0.97,0.03,0.81,127.9,4.01
"Song 838","Artist 10","Classical",2019,84,0.69,0.24,-14.72,0.68,0.21,0.55,174.93,5.9
"Song 839","Artist 73","Hip-Hop",2018,84,0.85,0.45,-6.72,0.56,0.93,0.55,164.6,4.19
"Song 840","Artist 99","Hip-Hop",2019,30,0.83,0.74,-4.39,0.97,0.68,0.78,108.92,5.17
"Song 841","Artist 93","Electronic",2023,69,0.61,0.9,-13.9,0.48,0.4,0.71,139.53,5.78
"Song 842","Artist 86","Pop",2020,96,1,0.42,-13.51,0.13,0.81,0.39,76.45,3.18
"Song 843","Artist 83","Rock",2021,35,0.91,0.59,-6.42,0.8,0.12,0.78,100.15,5.42
"Song 844","Artist 72","Classical",2023,65,0.36,0.79,-12.52,0.1,0.7,0.49,127.55,5.87
"Song 845","Artist 97","Pop",2019,69,0.43,0.54,-8.22,0.12,0.52,0.42,118.88,2.61
"Song 846","Artist 2","Country",2020,82,0.45,0.67,-6.75,0.99,0.79,0.11,112.72,3.05
"Song 847","Artist 43","Hip-Hop",2020,86,0.76,0.96,-13.46,0.65,0.6,0.78,131.95,2.27
"Song 848","Artist 5","Jazz",2021,33,0.3,0.55,-13.82,0.31,0.72,0.99,135.05,3.14
"Song 849","Artist 85","Indie",2024,48,0.28,0.88,-4.72,0.03,0.84,0.14,123.86,3.73
"Song 850","Artist 95","Pop",2022,88,0.38,0.49,-12.29,0.41,0.97,0.8,92.86,2.95
"Song 851","Artist 100","Hip-Hop",2017,21,0.46,0.54,-4.67,0.93,0.72,0.86,179.79,2.36
"Song 852","Artist 27","Electronic",2024,76,0.58,0.44,-4.68,0.61,0.02,0.8,149.39,2.6
"Song 853","Artist 23","Classical",2025,72,0.56,0.61,-7.6,0.88,0.77,0.73,154.37,2.83
"Song 854","Artist 3","Rock",2019,94,0.34,0.75,-12.12,0.54,0.46,0.45,145.1,3.74
"Song 855","Artist 15","Metal",2023,43,0.85,0.23,-7.61,0.87,0.49,0.71,78.16,5.54
"Song 856","Artist 58","Classical",2023,41,0.57,0.3,-4.71,0.59,0.86,0.29,174.91,5.2
"Song 857","Artist 7","Jazz",2023,91,0.64,0.46,-4.43,0.37,0.16,0.57,92.44,5.69
"Song 858","Artist 34","Pop",2017,90,0.76,0.56,-14.95,0.98,0.42,0.77,161.01,3.37
"Song 859","Artist 31","R&B",2020,61,0.92,0.53,-4.11,0.47,0.1,0.38,173.38,5.88
"Song 860","Artist 82","R&B",2020,66,0.92,0.39,-13.96,0.3,0.08,0.16,138.25,4.85
"Song 861","Artist 18","R&B",2023,59,0.83,0.96,-7.47,0.82,0.51,0.44,173.47,3.04
"Song 862","Artist 99","Rock",2023,21,0.21,0.28,-4.71,0.21,0.85,0.83,81.17,2.64
"Song 863","Artist 46","R&B",2015,52,0.55,0.68,-13.88,0.98,0.79,0.25,125.01,4.05
"Song 864","Artist 9","Country",2021,34,0.29,0.39,-5.64,0.23,0.15,0.88,140.05,4.04
"Song 865","Artist 79","Hip-Hop",2017,47,0.73,0.43,-13.64,0.29,0.63,0.63,116.42,4.89
"Song 866","Artist 17","Indie",2017,22,0.76,0.38,-8.49,0.88,0.95,0.52,148.84,4.46
"Song 867","Artist 7","Country",2024,95,0.97,0.28,-10.57,0.77,0.52,0.7,98.66,3.79
"Song 868","Artist 94","Classical",2020,94,0.99,0.92,-10.43,0.98,0.67,0.78,136.29,2.72
"Song 869","Artist 8","Country",2025,25,0.25,0.52,-14.47,0.33,0.82,0.72,174.2,4.8
"Song 870","Artist 65","R&B",2022,29,0.3,0.33,-10.77,0.66,0.18,0.83,128.67,3.14
"Song 871","Artist 9","Jazz",2019,31,0.8,0.4,-4.67,0.56,0.65,0.19,132.07,2.6
"Song 872","Artist 99","Electronic",2018,61,0.33,0.82,-8.56,0.09,0.38,0.58,129.55,2.24
"Song 873","Artist 25","Hip-Hop",2023,53,0.46,0.73,-13.35,0.06,0.62,0.32,163.41,4.97
"Song 874","Artist 2","Country",2019,24,0.95,0.96,-3.23,0.16,0.78,0.19,174.99,4.43
"Song 875","Artist 11","Indie",2023,29,0.24,0.56,-7.93,0.82,1,0.3,116.29,4.85
"Song 876","Artist 68","Country",2024,83,0.26,0.23,-10.78,0.7,0.75,0.32,75.48,2.11
"Song 877","Artist 40","Country",2018,41,0.24,0.94,-4.68,0,1,0.16,167.54,5.71
"Song 878","Artist 20","Jazz",2015,85,0.92,0.21,-3.2,0.38,0.25,0.3,127.77,4.35
"Song 879","Artist 11","R&B",2017,77,0.28,0.94,-7.33,0.89,0.22,0.79,159.97,5.82
"Song 880","Artist 18","Pop",2016,20,0.29,0.81,-14.67,0.11,0.91,0.11,151.54,2.65
"Song 881","Artist 54","Hip-Hop",2023,53,0.4,0.4,-4.24,0.63,0.65,0.59,80.45,4.64
"Song 882","Artist 14","Hip-Hop",2019,21,0.21,0.81,-7.91,0.78,0.2,0.92,99.45,3.37
"Song 883","Artist 67","Hip-Hop",2015,44,0.75,0.5,-13.97,0.78,0.09,0.71,96.83,3.34
"Song 884","Artist 92","Rock",2022,89,0.42,0.99,-2.34,0.06,0.44,0.91,165.86,2.95
"Song 885","Artist 67","Country",2021,94,0.44,0.41,-11.12,0.84,0.59,0.6,178.47,4.95
"Song 886","Artist 92","R&B",2024,49,0.94,0.38,-5.93,0.8,0.64,0.57,147.73,4.61
"Song 887","Artist 93","Metal",2025,40,0.96,0.43,-3.03,0.48,0.36,0.94,149.33,2.57
"Song 888","Artist 39","Rock",2025,47,0.62,0.61,-14.11,0.1,0.15,0.06,177.07,3.26
"Song 889","Artist 23","Rock",2016,31,0.73,0.39,-5.76,0.98,0.99,0.34,148.85,2.89
"Song 890","Artist 79","Country",2021,59,0.58,0.27,-3.08,0.99,0.68,0.29,149.69,5.35
"Song 891","Artist 87","Metal",2021,89,0.88,0.65,-12.7,0.65,0.15,0.99,163.28,5.64
"Song 892","Artist 88","Electronic",2022,23,0.71,0.66,-12.83,0.8,0.01,0.46,91.57,3.83
"Song 893","Artist 40","Metal",2021,57,0.8,0.89,-8.9,0.45,0.91,0.36,158.84,2.89
"Song 894","Artist 33","Pop",2017,46,0.55,0.51,-7.71,0.7,0.49,0.9,125.94,3.49
"Song 895","Artist 37","Jazz",2025,73,0.83,0.88,-13.21,0.05,0.33,0.83,153.13,4.2
"Song 896","Artist 60","Electronic",2025,42,0.99,0.92,-3.72,0.35,0.47,0.01,179.18,4.32
"Song 897","Artist 29","Electronic",2018,57,0.73,0.39,-14.92,0.17,0.12,0.61,107.39,2.88
"Song 898","Artist 70","R&B",2022,71,0.81,0.89,-12.27,0.78,0.71,0.98,175.91,5.14
"Song 899","Artist 25","Jazz",2022,63,0.62,0.43,-3.43,0.48,0.34,0.47,136.39,3.11
"Song 900","Artist 42","Classical",2022,70,0.69,0.68,-9.44,0.32,0.79,0.62,156.81,4.91
"Song 901","Artist 26","Metal",2015,46,0.62,0.65,-11.17,0.92,0.69,0.85,123.86,4.29
"Song 902","Artist 88","Hip-Hop",2015,59,0.31,0.86,-13.77,0.52,0.62,0.35,176.94,2.57
"Song 903","Artist 44","Hip-Hop",2017,24,0.65,0.61,-8.34,0.51,0.69,0.54,118.56,2.98
"Song 904","Artist 96","Indie",2021,69,0.49,0.49,-4.6,0.02,0.32,0.86,143.11,2.14
"Song 905","Artist 8","Jazz",2025,20,0.37,0.74,-14.21,0.49,0.28,0.86,77.85,5.25
"Song 906","Artist 16","Indie",2025,72,0.27,0.84,-7.71,0.45,0.18,0.26,92.23,5.04
"Song 907","Artist 39","Jazz",2019,48,0.61,0.3,-3.59,0.41,0.13,0.93,145.91,2.7
"Song 908","Artist 96","R&B",2017,96,0.38,0.36,-6.31,0.96,0.49,0.64,120.97,5.77
"Song 909","Artist 65","Hip-Hop",2020,91,0.64,0.22,-14.93,0.1,0.66,0.06,102.75,3.26
"Song 910","Artist 94","Classical",2023,59,0.39,0.86,-12.22,0.89,0.37,0.35,171.48,3.58
"Song 911","Artist 58","R&B",2023,32,0.27,0.64,-9.72,0.22,0.41,0.7,167.83,2.23
"Song 912","Artist 89","Jazz",2017,81,0.34,0.37,-11.91,0.37,0.98,0.52,89,2.13
"Song 913","Artist 56","Classical",2020,47,0.83,0.69,-7.83,0.31,0.8,0.35,122.12,4.5
"Song 914","Artist 43","Classical",2016,35,0.37,0.28,-10.03,0.92,0.78,0.53,160.53,2.48
"Song 915","Artist 67","Rock",2022,50,0.4,0.86,-9.01,0.48,0.42,0.69,94.64,5.82
"Song 916","Artist 56","R&B",2024,21,0.55,0.66,-10.26,0.94,0.46,0.03,124.57,3.84
"Song 917","Artist 22","Metal",2020,82,0.92,0.4,-12.55,0.49,0.22,0.14,153.29,4.91
"Song 918","Artist 17","R&B",2025,80,0.88,0.64,-10.26,0.87,0.58,0.74,123.16,4.2
"Song 919","Artist 84","Country",2022,47,0.54,0.87,-14.79,0.99,0.82,0.49,141.79,2.45
"Song 920","Artist 99","R&B",2017,45,0.94,0.86,-11.15,0.97,0.34,0.88,118.5,5.54
"Song 921","Artist 14","Hip-Hop",2022,88,0.93,0.7,-5.18,0.71,0.81,0.22,106.95,5.55
"Song 922","Artist 64","Pop",2019,73,0.5,0.87,-6.43,0.86,0.87,0.92,136.97,4.62
"Song 923","Artist 24","Electronic",2015,53,0.91,0.69,-11.52,0.69,0.03,0.29,169.44,5.24
"Song 924","Artist 94","Rock",2024,23,0.95,0.91,-10.71,0.06,0.4,0.88,84.51,3.31
"Song 925","Artist 8","Jazz",2019,85,0.95,0.78,-8.37,0.01,0.24,0.61,166,4.7
"Song 926","Artist 20","Classical",2016,29,0.9,0.64,-11.63,0.98,0.37,0.27,85.59,5.07
"Song 927","Artist 74","R&B",2020,60,0.23,0.53,-7.71,0.1,0.95,0.14,130.32,3.55
"Song 928","Artist 86","Metal",2024,37,0.94,0.88,-14.18,0.52,0.78,0.47,77.53,3.48
"Song 929","Artist 50","Electronic",2016,52,0.67,0.51,-10.38,0.84,0.85,0.64,128.44,2.5
"Song 930","Artist 17","Classical",2018,23,0.91,0.33,-3.43,0.45,0.61,0.72,78.45,5.11
"Song 931","Artist 9","Pop",2024,87,0.72,0.38,-9.85,0.74,0.96,0.41,115.63,2.86
"Song 932","Artist 35","Country",2023,75,0.66,0.74,-14.75,0.54,0.42,0.79,176.62,3.39
"Song 933","Artist 85","Metal",2017,90,0.39,0.37,-12.4,0.96,0.71,0.67,159.62,2.42
"Song 934","Artist 63","Metal",2018,30,0.21,0.57,-9.76,0.33,0.74,0.77,122.42,4.61
"Song 935","Artist 57","Indie",2021,63,0.49,0.41,-13.64,0.9,0.95,0.79,133.53,2.54
"Song 936","Artist 16","Classical",2025,22,0.71,0.61,-10.31,0.14,0.6,0.36,169.3,3.73
"Song 937","Artist 52","Electronic",2015,49,0.38,0.29,-4.35,0.06,0.57,0.4,83.17,2.6
"Song 938","Artist 90","Jazz",2019,74,0.31,0.44,-6.59,0,0.31,0.37,111.9,2.41
"Song 939","Artist 99","Metal",2017,34,0.65,0.29,-8.38,0.53,0.02,0.33,131.54,2.8
"Song 940","Artist 35","R&B",2015,46,0.59,0.26,-12.45,0.08,0.74,0.86,117.32,4.4
"Song 941","Artist 54","Jazz",2016,99,0.49,0.99,-2.45,0.49,0.74,0.74,139.13,3.64
"Song 942","Artist 26","Electronic",2019,69,0.88,0.75,-10.51,0.84,0.06,0.26,90.78,3.32
"Song 943","Artist 13","Indie",2021,53,0.32,0.88,-12.69,0.07,0.21,0.94,121.62,4.73
"Song 944","Artist 36","Hip-Hop",2019,38,0.65,0.83,-3.49,0.09,0.61,0.67,130.02,2.13
"Song 945","Artist 47","Classical",2024,74,0.29,0.72,-2.35,0.81,0.28,0.55,130.15,2.27
"Song 946","Artist 25","R&B",2022,33,0.69,0.69,-11.82,0.69,0.92,0.47,150.9,4.66
"Song 947","Artist 28","Jazz",2020,90,1,0.23,-11.61,0.73,0.66,0.77,101.37,2.16
"Song 948","Artist 29","Electronic",2022,74,0.89,0.87,-14.6,0.51,0.5,0.79,91.34,4.17
"Song 949","Artist 77","Indie",2022,82,0.82,0.77,-8.02,1,0.16,0.73,158.18,5.51
"Song 950","Artist 44","Electronic",2019,92,0.39,1,-2.89,0.81,0.4,0.62,117.19,4.06
"Song 951","Artist 54","Rock",2025,43,0.38,0.83,-7.05,0.62,0.56,0.13,128.68,5.37
"Song 952","Artist 85","R&B",2022,76,0.98,0.99,-6.28,0.52,0.74,0.08,160.97,2.7
"Song 953","Artist 25","Hip-Hop",2020,24,0.42,0.39,-8.06,0.99,0.54,0.14,134.23,2.09
"Song 954","Artist 29","Jazz",2022,87,0.47,0.65,-11.27,0.34,0.77,0.18,78.11,4.62
"Song 955","Artist 20","Pop",2021,44,0.67,0.39,-8.28,0.15,0.41,0.63,93.17,2.6
"Song 956","Artist 93","Jazz",2020,26,0.49,0.41,-12.79,0.34,0.22,0.14,130.39,4.13
"Song 957","Artist 13","Hip-Hop",2024,64,0.78,0.31,-5.06,0.45,0.85,0.98,99.28,5.52
"Song 958","Artist 77","Jazz",2017,48,0.54,0.55,-14.92,0.36,0.76,0.47,70.89,2.69
"Song 959","Artist 35","Classical",2025,88,0.87,0.69,-2.96,0.84,0.1,0.6,140.16,5.62
"Song 960","Artist 55","Jazz",2024,27,0.85,0.3,-4.23,0.05,0.16,0.49,72.69,3.5
"Song 961","Artist 5","Metal",2020,39,0.64,0.92,-12,0.14,0.84,0.5,88.25,2.01
"Song 962","Artist 56","R&B",2015,71,0.87,0.67,-11.09,0.12,0.13,0.74,112.4,5.57
"Song 963","Artist 77","Electronic",2015,99,0.75,0.75,-3.95,0.55,0.1,0.56,147.97,4
"Song 964","Artist 87","Country",2023,61,0.51,0.72,-14.78,0.13,0.27,0.42,147.07,4.78
"Song 965","Artist 92","Country",2018,90,0.84,0.58,-13.9,0.21,0.41,0.56,154.95,4.77
"Song 966","Artist 44","Hip-Hop",2025,91,0.73,0.3,-7.21,0.84,0.86,0.42,173.54,5.64
"Song 967","Artist 72","Metal",2019,46,0.38,0.54,-3.48,0.51,0.13,0.27,148.17,3.49
"Song 968","Artist 38","Rock",2022,81,0.87,0.63,-5.88,0.92,0.2,0.09,155.29,3.67
"Song 969","Artist 24","R&B",2025,39,0.56,0.27,-14.16,0.54,0.91,0.5,96.28,2.83
"Song 970","Artist 80","Rock",2020,41,0.53,0.85,-8.26,0.36,0.12,0.76,120.87,2.44
"Song 971","Artist 75","Metal",2025,75,0.44,0.5,-9.15,0.87,0.3,0.28,139.57,2.3
"Song 972","Artist 87","Electronic",2021,60,0.61,0.62,-6.64,0.31,0.93,0.95,123.23,5.51
"Song 973","Artist 94","Indie",2023,24,0.86,0.81,-11.97,0.38,0.01,0.47,158.5,3.12
"Song 974","Artist 96","Country",2019,91,0.47,0.44,-8.72,0.72,0.65,0.73,134.45,5.51
"Song 975","Artist 91","Rock",2025,73,0.7,0.41,-9.74,0.59,0.11,0.75,116.05,2.85
"Song 976","Artist 48","Electronic",2017,93,0.75,0.86,-3.71,0.68,0.45,0.88,103.36,5.69
"Song 977","Artist 15","Pop",2015,85,0.32,0.61,-3.65,0.89,0.47,0.22,89.21,3.19
"Song 978","Artist 65","Jazz",2018,21,0.44,0.28,-6.61,0.93,0.47,0.28,172.07,3.35
"Song 979","Artist 54","Jazz",2020,26,0.81,0.47,-3.16,0.58,0.78,0.13,133.25,3.98
"Song 980","Artist 10","Hip-Hop",2025,29,0.95,0.71,-4.76,0.23,0.92,0.17,166.49,4.63
"Song 981","Artist 86","Electronic",2023,34,0.33,0.75,-4.26,0.62,0.56,0.95,117.86,3.16
"Song 982","Artist 42","R&B",2024,35,0.53,0.64,-10.73,0.18,0.3,0.59,72.16,2.29
"Song 983","Artist 100","Metal",2018,71,0.57,0.85,-5.63,0.77,0.81,0.95,113.48,4.3
"Song 984","Artist 41","Electronic",2015,26,0.55,0.63,-11.4,0.28,0.58,0.78,138.18,4.76
"Song 985","Artist 25","Rock",2020,93,0.48,0.72,-9.41,0.78,0.75,0.52,150.99,5.78
"Song 986","Artist 94","Jazz",2016,94,0.86,0.21,-4.1,0.41,0.17,0.37,149.05,2.47
"Song 987","Artist 52","Jazz",2021,57,0.41,0.98,-4.56,0.19,0.95,0.4,151.42,2.37
"Song 988","Artist 37","Jazz",2016,35,0.98,0.79,-7.51,0.72,0.39,0.79,122.84,5.2
"Song 989","Artist 27","Indie",2023,42,0.74,0.51,-5.3,0.08,0.46,0.87,82.64,2.42
"Song 990","Artist 73","Rock",2021,73,0.73,0.61,-9.5,0.7,0.96,0.61,152.95,5.4
"Song 991","Artist 83","Metal",2019,49,0.65,0.45,-2.86,0.97,0.79,0.09,158.68,5.5
"Song 992","Artist 35","Indie",2019,42,0.99,0.72,-6.48,0.1,0.94,0.89,159.65,4.12
"Song 993","Artist 34","Hip-Hop",2017,62,0.62,0.3,-6.67,0.77,0.92,0.2,157.86,3.06
"Song 994","Artist 63","Jazz",2016,20,0.47,0.39,-11.33,0.44,0.24,0.44,159.1,2.17
"Song 995","Artist 87","Country",2015,79,0.4,0.87,-3.13,0.86,0.84,0.14,168.06,2.75
"Song 996","Artist 76","Electronic",2015,64,0.75,0.22,-3.05,0.2,0.93,0.88,152.85,4.56
"Song 997","Artist 79","Hip-Hop",2015,100,0.33,0.49,-12.53,0.54,0.69,0.38,153.09,2.74
"Song 998","Artist 49","R&B",2023,20,0.59,0.78,-13.78,0.26,0.59,0.31,74.66,5.36
"Song 999","Artist 35","Classical",2015,64,0.74,0.79,-14.43,0.03,0.59,0.52,82.13,5.71
"Song 1000","Artist 29","Metal",2024,97,0.99,0.42,-7.85,0.63,0.28,0.16,144.27,4.5
"Song 1001","Artist 71","Metal",2016,70,0.79,0.45,-11.32,0.78,0.94,0.45,145.57,3.6
"Song 1002","Artist 93","Jazz",2016,98,0.51,0.24,-7.18,0.26,0.32,0.96,104.29,5.04
"Song 1003","Artist 45","R&B",2018,100,0.79,0.84,-10.32,0.53,0.57,0.17,109.4,4.7
"Song 1004","Artist 34","Hip-Hop",2015,64,1,0.98,-4.56,0.09,0.1,0.23,129.83,4.79
"Song 1005","Artist 73","R&B",2020,78,0.79,0.69,-13.22,0.05,0.93,0.19,136.59,4.6
"Song 1006","Artist 47","Jazz",2023,62,0.74,0.8,-4.34,0.1,0.4,0.78,120.53,3.65
"Song 1007","Artist 1","Rock",2021,28,0.55,0.73,-12.14,0.38,0.63,0.16,87.37,3.34
"Song 1008","Artist 10","Jazz",2024,74,0.61,0.66,-9.26,0.65,0.16,0.35,143.38,4.04
"Song 1009","Artist 41","Indie",2018,46,0.25,0.58,-9.8,0.95,0.73,0.22,152.95,4.5
"Song 1010","Artist 41","Electronic",2021,24,0.46,0.9,-13.36,0.04,0.35,0.34,118.74,4.53
"Song 1011","Artist 39","Pop",2018,90,0.22,0.5,-10.59,0.29,0.04,0.55,98.2,3.49
"Song 1012","Artist 87","Rock",2016,87,0.39,0.24,-6.51,0.65,0.34,0.17,155.61,2.37
"Song 1013","Artist 6","Electronic",2019,64,0.45,0.44,-3.61,0.62,0.59,0.3,112.12,5.19
"Song 1014","Artist 32","Pop",2020,50,0.59,0.76,-4.49,0.01,0.95,0.14,76.36,4.03
"Song 1015","Artist 61","Rock",2021,25,0.64,0.22,-6.07,0.46,0.48,0.76,158.41,4.02
"Song 1016","Artist 80","Country",2024,81,0.44,0.62,-6.85,0.84,0.37,0.16,161.99,2.91
"Song 1017","Artist 90","Indie",2023,78,0.74,0.81,-7.12,0.82,0.76,0.1,94.27,5.38
"Song 1018","Artist 16","R&B",2020,51,0.77,0.59,-12.16,0.24,0.18,0.82,107.25,2.02
"Song 1019","Artist 2","Jazz",2023,33,0.29,0.81,-12.39,0.36,0.75,0.02,119.56,5.63
"Song 1020","Artist 34","Electronic",2015,65,0.89,0.76,-8.21,0.44,0.25,0.81,75.15,5.03
"Song 1021","Artist 78","Hip-Hop",2022,84,0.29,0.64,-2.85,0.36,0.02,0.71,135.32,4.56
"Song 1022","Artist 30","Hip-Hop",2023,22,0.6,0.7,-14.3,0.78,0.7,0.36,85.77,4.73
"Song 1023","Artist 28","Rock",2018,98,0.31,0.3,-11.43,0.94,0.01,0.17,128.63,3.82
"Song 1024","Artist 85","R&B",2019,59,0.66,0.72,-8.45,0.27,0.45,0.98,87.8,5.38
"Song 1025","Artist 87","Rock",2023,27,0.79,0.36,-14.53,0.65,0.14,0.92,162.76,2.31
"Song 1026","Artist 58","Electronic",2023,62,0.74,0.46,-8.86,0.98,0.36,0.62,159.66,4.78
"Song 1027","Artist 30","Indie",2019,92,0.3,0.67,-9.75,0.02,0.26,0.27,93.79,3.06
"Song 1028","Artist 89","Indie",2022,23,0.28,0.6,-4.99,0.3,0.1,0.56,93.64,5.39
"Song 1029","Artist 39","Pop",2022,67,0.86,0.65,-7.03,0.99,0.91,0.84,150.88,4.03
"Song 1030","Artist 70","R&B",2022,53,0.7,0.29,-11.68,0.09,0.59,0.97,118.29,3.93
"Song 1031","Artist 68","Electronic",2022,97,0.39,0.65,-5.26,0.01,0.17,0.16,102.87,5.37
"Song 1032","Artist 67","Hip-Hop",2015,42,0.66,0.66,-14.91,0.67,0.46,0.61,73.8,4.91
"Song 1033","Artist 46","R&B",2018,35,0.55,0.53,-2.79,0.8,0.94,0.37,171.69,3.21
"Song 1034","Artist 59","Rock",2020,33,0.86,0.59,-7,0.13,0.56,0.34,157.35,5.71
"Song 1035","Artist 48","Jazz",2024,56,0.5,0.6,-10.19,0.67,0.18,0.39,150.55,4.65
"Song 1036","Artist 10","Pop",2020,77,0.76,0.4,-12.86,0.44,0.49,0.19,126.31,2.61
"Song 1037","Artist 28","R&B",2022,97,0.35,0.93,-13.87,0.24,0.04,0.07,151.29,2.45
"Song 1038","Artist 76","Rock",2021,86,0.43,0.44,-6.18,0.01,0.45,0.4,177.34,4.35
"Song 1039","Artist 67","Electronic",2019,92,0.72,0.4,-2.8,0.5,0.71,0.77,167.64,3.55
"Song 1040","Artist 1","Indie",2016,29,0.87,0.66,-12.2,0.47,0.87,0.71,101.81,2.79
"Song 1041","Artist 44","R&B",2015,25,0.94,0.65,-13.12,0.83,0.24,0.78,134.63,4.15
"Song 1042","Artist 49","R&B",2015,37,0.49,0.68,-13.14,0.06,0.64,0.23,116.45,5.23
"Song 1043","Artist 33","Indie",2016,26,0.66,0.86,-14.06,0.87,0.18,0.34,93.81,2.87
"Song 1044","Artist 36","Indie",2019,74,0.47,0.61,-9.77,0.1,0.62,0.52,103.59,5.72
"Song 1045","Artist 13","Country",2023,30,0.95,0.33,-5.01,0.12,0.78,0.32,139.62,4.82
"Song 1046","Artist 79","Indie",2024,24,0.29,0.54,-14.33,0.13,0.83,0.67,144.98,2.37
"Song 1047","Artist 77","Indie",2017,91,0.95,0.39,-6.61,0.66,0.57,0.08,144.42,2.59
"Song 1048","Artist 46","Indie",2020,100,0.93,0.79,-11.8,0.86,0.81,0.96,74.04,4.58
"Song 1049","Artist 94","Electronic",2020,81,0.25,0.94,-9.14,0.79,0.51,0.69,136.13,5.83
"Song 1050","Artist 18","Hip-Hop",2015,27,0.78,0.59,-8.95,0.52,0.46,0.91,81.5,4.27
"Song 1051","Artist 50","Hip-Hop",2025,79,0.59,0.53,-6.35,0.24,0.95,0.72,149.03,3.6
"Song 1052","Artist 26","Hip-Hop",2016,87,0.87,0.82,-12.07,0.83,0.14,0.14,84.61,5.64
"Song 1053","Artist 36","Metal",2020,31,0.92,0.73,-6,0.82,0.91,0.81,147.5,3.41
"Song 1054","Artist 36","Jazz",2025,62,0.63,0.28,-6.96,0.68,0.26,0.83,138.23,4.2
"Song 1055","Artist 56","Electronic",2021,95,0.3,0.3,-9.49,0.2,0.08,0.66,143.84,3.53
"Song 1056","Artist 57","Indie",2018,99,0.44,0.49,-9.37,0.33,0.15,0.9,79.75,5.44
"Song 1057","Artist 3","Hip-Hop",2024,89,0.25,0.35,-9.53,0.13,0.17,0.02,168.19,5.13
"Song 1058","Artist 89","Hip-Hop",2023,69,1,0.99,-11.29,0.94,0.03,0.68,165.96,4.31
"Song 1059","Artist 11","Metal",2016,95,0.56,0.56,-12.6,0.98,0.49,0.22,114.83,4.54
"Song 1060","Artist 51","Hip-Hop",2020,51,0.32,0.6,-3.77,0.57,0.14,0.11,136.44,5.65
"Song 1061","Artist 30","Indie",2018,36,0.5,0.57,-10.82,0.23,0.48,0.66,87.56,2.73
"Song 1062","Artist 16","Classical",2017,54,0.29,0.78,-10.8,0.02,0.98,0.76,130.98,2.83
"Song 1063","Artist 11","Indie",2022,56,0.22,0.88,-4.95,0.76,0.55,0.8,104.48,4.31
"Song 1064","Artist 96","Jazz",2024,32,0.92,0.99,-9.67,0.73,0.43,0.4,77.41,2.09
"Song 1065","Artist 95","Indie",2019,34,0.65,0.84,-13.98,0.33,0.96,0.71,130.36,4.95
"Song 1066","Artist 66","Classical",2015,92,0.52,0.66,-6.25,0.86,0.5,0.95,140.14,2.97
"Song 1067","Artist 22","Classical",2018,72,0.65,0.33,-10.56,0.02,0.54,0.64,125.69,2.05
"Song 1068","Artist 17","Indie",2017,86,0.84,0.71,-3.67,0.12,0.24,0.15,160.3,5.97
"Song 1069","Artist 5","Pop",2020,31,0.42,0.67,-14.96,0.51,0.52,0.32,79.52,5.72
"Song 1070","Artist 79","R&B",2019,27,0.26,0.57,-14.36,0.14,0.08,0.43,76.91,3.79
"Song 1071","Artist 96","R&B",2024,24,0.85,0.84,-14.97,0.43,0.23,0.6,142.83,3.53
"Song 1072","Artist 62","Hip-Hop",2016,73,0.72,0.9,-13.24,0.12,0.44,0.05,156.94,5.14
"Song 1073","Artist 35","Country",2018,32,0.67,0.69,-14.94,0.42,0.02,0.39,121.02,2.23
"Song 1074","Artist 91","Hip-Hop",2020,96,0.24,0.23,-12.67,0.63,0.59,0.69,91.15,3.23
"Song 1075","Artist 22","Rock",2015,20,0.84,0.77,-12.68,0.63,0.96,0,143.49,2.28
"Song 1076","Artist 63","Rock",2020,72,0.47,0.48,-6.94,0.41,0.58,0.07,156.29,3.07
"Song 1077","Artist 89","R&B",2016,39,0.6,1,-8.17,0.9,0.65,0.87,116.26,5.06
"Song 1078","Artist 15","Electronic",2021,43,0.37,0.44,-9.1,0.08,0.75,0.13,170.74,2.2
"Song 1079","Artist 35","Jazz",2022,65,0.57,0.28,-6.34,0.91,0.74,0.83,115.57,4.77
"Song 1080","Artist 30","Jazz",2021,58,0.71,0.86,-3.66,0.17,0.46,0.6,124.64,5.2
"Song 1081","Artist 34","Pop",2024,32,0.24,0.46,-8.07,0.15,0.8,0.16,111.53,5.54
"Song 1082","Artist 69","Pop",2020,90,0.58,0.43,-13.49,0.04,0.31,0.62,139.02,5.48
"Song 1083","Artist 69","Country",2016,32,0.8,0.82,-6.01,0.78,0.77,0.24,100.79,2.96
"Song 1084","Artist 71","Hip-Hop",2021,77,0.56,0.98,-9.03,0.94,0.76,0.8,169.76,5.52
"Song 1085","Artist 2","Classical",2019,29,0.36,0.99,-12.98,0.84,0.28,0.06,86.65,2.29
"Song 1086","Artist 80","Indie",2020,61,0.45,0.38,-6.91,0.37,0.61,0.5,87.68,3.99
"Song 1087","Artist 23","Rock",2022,78,0.88,0.47,-5.92,0.23,0.86,0.36,151.17,3.1
"Song 1088","Artist 87","Pop",2023,96,0.67,0.66,-14.73,0.28,0.19,0.39,103.58,4.74
"Song 1089","Artist 88","Electronic",2016,89,0.52,0.38,-3.02,0.1,0.4,0.46,161.43,2.96
"Song 1090","Artist 21","Pop",2015,78,0.88,0.65,-11.61,0.57,0.37,0.86,169.87,4.12
"Song 1091","Artist 82","Metal",2025,95,0.92,0.22,-3.4,0.35,0.45,0.85,157.87,2.21
"Song 1092","Artist 19","Jazz",2022,37,0.83,0.35,-2.44,0.51,0.24,0.08,113.4,4.24
"Song 1093","Artist 9","Metal",2025,33,0.87,0.72,-10.2,0.46,0.84,0.77,134.49,3.34
"Song 1094","Artist 83","Classical",2015,40,0.6,0.56,-9.86,0.57,0.51,0.01,78.59,4.88
"Song 1095","Artist 62","Jazz",2025,68,0.53,0.52,-2.37,0.83,0.06,0.22,137.18,4.85
"Song 1096","Artist 83","Metal",2020,80,0.91,0.92,-10.64,0.11,0.16,0.6,124.43,2.53
"Song 1097","Artist 69","Electronic",2024,39,0.22,0.28,-14.22,0.37,0.61,0.86,122.76,5.91
"Song 1098","Artist 45","Classical",2017,82,0.45,0.75,-4.1,0.5,0.58,0.03,93.54,4.27
"Song 1099","Artist 80","Metal",2017,72,0.69,0.33,-4.33,0.37,0.72,0.86,77.81,3.19
"Song 1100","Artist 32","Classical",2018,29,0.85,0.82,-4.72,0.89,0.38,0.45,161.1,3.29
"Song 1101","Artist 48","Hip-Hop",2015,79,0.88,0.41,-6.02,0.08,0.27,0.28,76.47,2.09
"Song 1102","Artist 15","Hip-Hop",2015,40,0.78,0.73,-4.82,0.27,0.8,0.25,160.93,3.13
"Song 1103","Artist 26","Jazz",2021,58,0.57,0.37,-3.87,0.57,0.75,0.23,148.72,4.94
"Song 1104","Artist 20","Indie",2024,58,0.48,0.46,-7.59,0.41,0.22,0.57,129.4,5.85
"Song 1105","Artist 35","Rock",2017,78,0.63,0.5,-10.48,0.49,0.08,0.83,113.25,5.73
"Song 1106","Artist 55","R&B",2017,78,0.6,0.65,-10.03,0.19,0.09,0.47,106.62,4.81
"Song 1107","Artist 31","Hip-Hop",2022,94,0.75,0.89,-9.85,0.44,0.59,0.95,129.33,2.2
"Song 1108","Artist 24","Metal",2015,29,0.79,0.33,-5.53,0.51,0.1,0.45,129.9,3.37
"Song 1109","Artist 17","Rock",2025,70,0.56,0.25,-11.74,0.02,0.48,0.36,93.02,2.49
"Song 1110","Artist 71","Pop",2023,43,0.9,0.63,-6.51,0.51,0.7,0.8,112.37,3.43
"Song 1111","Artist 57","Rock",2019,92,0.21,0.83,-11.67,0.36,0.19,0.42,114.57,2.93
"Song 1112","Artist 77","Hip-Hop",2016,26,0.52,0.47,-5.73,0.36,0.21,0.05,101.33,4.45
"Song 1113","Artist 35","Hip-Hop",2015,21,0.52,0.33,-12.65,0.45,0.17,0.55,109,5.95
"Song 1114","Artist 58","Classical",2021,94,0.67,1,-3.22,0.29,0.32,0.22,164.54,5.06
"Song 1115","Artist 54","Rock",2022,53,0.55,0.51,-2.33,0.55,0.91,0.86,147.68,5.96
"Song 1116","Artist 13","R&B",2016,59,0.75,0.75,-10.98,0.88,0.74,0.31,101.39,5.78
"Song 1117","Artist 78","Pop",2015,28,0.29,0.34,-11.22,0.2,0.35,0.42,101.22,4.44
"Song 1118","Artist 68","Rock",2022,35,0.72,0.94,-14.42,0.47,0.33,0.25,116.1,4.82
"Song 1119","Artist 25","Classical",2016,66,0.27,0.82,-6.31,0.36,0.36,0.73,125.7,5.27
"Song 1120","Artist 29","Country",2017,62,0.83,0.4,-14.82,0.7,0.34,0.77,148.49,4.23
"Song 1121","Artist 53","Pop",2016,75,0.87,0.57,-3.28,0.38,0.05,0.8,100.67,4.84
"Song 1122","Artist 16","Jazz",2015,31,0.46,0.62,-2.91,0.93,0.71,0.84,98.76,3.4
"Song 1123","Artist 41","Jazz",2023,56,0.47,0.67,-13.16,0.96,0.73,0.49,78.16,2.05
"Song 1124","Artist 9","Indie",2022,41,0.44,0.71,-10.11,0.24,0.54,0.19,94.95,3.47
"Song 1125","Artist 37","Hip-Hop",2023,25,0.93,0.85,-3.26,0.7,0.31,0.72,140.5,2.04
"Song 1126","Artist 54","Jazz",2020,100,0.88,0.72,-12.54,0.72,0.4,0.33,152.31,4.9
"Song 1127","Artist 86","Rock",2020,61,0.63,0.78,-8.02,0.37,0.45,0.73,96.53,2.93
"Song 1128","Artist 86","Electronic",2015,32,0.62,0.68,-13.26,0.3,0.89,0.06,87.08,5.54
"Song 1129","Artist 24","Hip-Hop",2018,93,0.52,0.89,-8.81,0.56,0.55,0.62,86.55,3.04
"Song 1130","Artist 14","Classical",2024,96,0.26,0.93,-12.71,0.19,0.78,0.12,152.62,3.23
"Song 1131","Artist 30","Classical",2025,78,0.28,0.93,-7.71,0.56,0.29,0.57,124.36,4.68
"Song 1132","Artist 62","Classical",2018,67,0.58,0.71,-9.22,0.29,0.66,0.75,178.8,4.18
"Song 1133","Artist 40","Jazz",2022,67,0.42,0.25,-10.2,0.88,0.72,0.3,133.63,4.17
"Song 1134","Artist 95","Indie",2024,78,0.98,0.24,-11.02,0.56,0.36,0.78,82.66,2.39
"Song 1135","Artist 39","Metal",2015,22,0.47,0.51,-4.95,0.52,0.41,0.31,82.08,3.52
"Song 1136","Artist 72","Electronic",2024,45,0.25,0.94,-13.02,0.6,0.33,0.77,75.19,3.79
"Song 1137","Artist 14","Metal",2025,46,0.53,0.89,-8.92,0.54,0.54,0.54,167.49,5.97
"Song 1138","Artist 48","Classical",2015,78,0.21,0.5,-9.59,0.99,0.65,0.99,150.8,5.55
"Song 1139","Artist 65","Rock",2021,43,0.77,0.92,-6.12,0.48,0.38,0.78,146.67,2.23
"Song 1140","Artist 23","Electronic",2017,20,0.49,0.36,-5.45,0.73,0.22,0.9,153.82,3
"Song 1141","Artist 26","Indie",2015,74,0.44,0.57,-8.84,0.94,0.28,0.19,108.06,4.66
"Song 1142","Artist 46","R&B",2018,60,0.58,0.71,-14.25,0.51,0.48,0.63,137.08,4.25
"Song 1143","Artist 23","Indie",2015,70,0.46,0.65,-4.37,0.25,0.29,0.06,98.26,5.78
"Song 1144","Artist 95","Hip-Hop",2015,35,0.82,0.76,-2.08,0.28,0.53,0.13,154.53,5.11
"Song 1145","Artist 63","Pop",2016,100,0.46,0.72,-2.52,0.81,0.89,0.37,77.98,2.89
"Song 1146","Artist 21","Indie",2016,27,0.24,0.66,-8.9,0.36,0.34,0.15,114.5,3.73
"Song 1147","Artist 81","Indie",2019,95,0.85,0.23,-10.49,0.84,0.98,0.26,96.74,2.16
"Song 1148","Artist 39","Metal",2021,31,0.27,0.48,-4.5,0.04,0.83,0.56,126.15,3.01
"Song 1149","Artist 71","Indie",2022,69,0.49,0.39,-9.15,0.85,0.21,0.08,78.65,2.32
"Song 1150","Artist 45","Metal",2022,58,0.6,0.9,-8.39,0.61,0.09,0.52,116.47,2.67
"Song 1151","Artist 47","Pop",2016,63,0.74,0.91,-8.12,0.25,0.72,0.37,101.63,4.93
"Song 1152","Artist 76","Electronic",2015,45,0.77,0.96,-4.07,0.75,0.01,0.39,131.4,5.15
"Song 1153","Artist 96","Rock",2017,48,0.7,0.96,-10.69,0.87,0.7,0.66,77.13,3.97
"Song 1154","Artist 46","R&B",2016,28,0.85,0.69,-3.82,0.82,0.35,0.99,178.46,4.88
"Song 1155","Artist 83","Hip-Hop",2015,29,0.93,0.56,-14.32,0.48,0.14,0.52,95.9,5.05
"Song 1156","Artist 60","Jazz",2023,73,0.25,0.81,-2.32,0.3,0.94,0.31,124.84,5.91
"Song 1157","Artist 83","Rock",2024,83,0.99,0.72,-10.14,0.49,0.32,0.34,121.63,4.36
"Song 1158","Artist 89","Rock",2015,44,0.57,0.59,-12.41,0.43,0.26,0.6,72.37,5.72
"Song 1159","Artist 17","Country",2018,69,0.81,0.9,-12.08,0.41,0.25,0.34,129.54,3.4
"Song 1160","Artist 9","Rock",2018,37,0.72,0.22,-2.22,0.18,0.77,0.15,147.06,3.56
"Song 1161","Artist 23","R&B",2016,91,0.61,0.95,-7.03,0.87,0.79,0.63,95.18,5.94
"Song 1162","Artist 31","Classical",2021,75,0.35,0.35,-8.49,0.79,0.95,0.49,127.34,5.16
"Song 1163","Artist 38","Rock",2022,76,0.25,0.66,-7.46,0.17,0.57,0.07,94.25,5.79
"Song 1164","Artist 33","Hip-Hop",2020,48,0.29,0.24,-10.3,0.1,0.37,0.4,92.37,3.06
"Song 1165","Artist 80","Metal",2017,27,0.37,0.47,-8.09,0.3,0.96,0.89,109.58,4.28
"Song 1166","Artist 60","R&B",2016,39,0.88,0.9,-14.98,0.54,0.78,0.74,94.92,4.74
"Song 1167","Artist 72","Country",2016,71,0.33,0.93,-5.21,0.88,0.97,0.21,99.97,4.4
"Song 1168","Artist 5","Rock",2020,65,0.38,0.63,-14.69,0.19,0.77,0.71,149.73,2.47
"Song 1169","Artist 63","Hip-Hop",2023,28,0.5,0.34,-5.93,0.45,0.32,0.8,116.12,3.64
"Song 1170","Artist 74","Electronic",2016,32,0.96,0.71,-9.97,0.32,0.86,0.64,99.77,4.97
"Song 1171","Artist 41","Hip-Hop",2022,90,0.69,0.95,-7.53,0.5,0.56,0.84,106.49,2.8
"Song 1172","Artist 92","Indie",2022,89,0.94,0.3,-5.89,0.74,0.91,0.54,166.22,2.05
"Song 1173","Artist 37","Classical",2025,87,0.9,0.52,-7.86,0.59,0.38,0.52,158.56,3.05
"Song 1174","Artist 46","Metal",2019,47,0.56,0.79,-11.31,0.26,0.92,0.24,108.94,2.36
"Song 1175","Artist 83","Metal",2015,28,0.27,0.59,-7.42,0.28,0.95,0.9,155.88,5.34
"Song 1176","Artist 97","R&B",2025,73,0.32,0.98,-10.15,0.25,0.91,0.63,70.34,5.93
"Song 1177","Artist 16","Rock",2016,65,0.31,0.85,-5.21,0.61,0.85,0.01,128.52,3.92
"Song 1178","Artist 6","Rock",2020,69,0.21,0.44,-12.98,0.31,0.19,0.61,84.02,3.56
"Song 1179","Artist 52","Rock",2018,73,0.48,0.99,-6.42,0.99,0.94,0.64,155.48,5.58
"Song 1180","Artist 72","Jazz",2019,79,0.83,0.76,-2.48,0.47,0.3,0.66,79.31,3.96
"Song 1181","Artist 89","Metal",2016,98,0.93,0.93,-12.74,0.68,0.2,0.33,161.64,3.71
"Song 1182","Artist 78","Jazz",2019,26,0.55,0.4,-13.17,0.72,0.44,0.17,78.49,3.05
"Song 1183","Artist 95","Indie",2021,65,0.35,0.21,-2.29,0.22,0.18,0.48,133.83,2.1
"Song 1184","Artist 46","Hip-Hop",2017,75,0.98,0.63,-6.14,0.76,0.87,0.55,141.97,3.25
"Song 1185","Artist 89","Electronic",2015,63,0.97,0.26,-5.56,0.79,0.52,0.95,134.69,5.53
"Song 1186","Artist 8","Indie",2024,54,0.98,0.35,-7.56,0.85,0.84,0.56,162.99,2.74
"Song 1187","Artist 43","Country",2016,87,0.74,0.54,-2.01,0.05,1,0.98,135.23,4.22
"Song 1188","Artist 24","Metal",2024,50,0.33,0.47,-8.1,0.6,0.26,0.55,155.8,5.09
"Song 1189","Artist 5","Hip-Hop",2015,20,0.65,0.97,-6.77,0.35,0.86,0.5,73.15,2.28
"Song 1190","Artist 14","Country",2025,52,0.63,0.93,-6.54,0.77,0.51,0.01,122.54,3.71
"Song 1191","Artist 97","Electronic",2021,73,0.39,0.46,-9.39,0.15,0.91,0.97,123.43,2.24
"Song 1192","Artist 65","Rock",2015,72,0.58,0.59,-10.68,0.81,0.05,0.92,154.14,2.77
"Song 1193","Artist 99","Pop",2023,81,0.24,0.33,-4.71,0.82,0.46,0.5,83.26,3.3
"Song 1194","Artist 4","Pop",2017,49,0.99,0.6,-7.1,0.1,0.65,0.99,70.86,2.44
"Song 1195","Artist 35","Hip-Hop",2020,80,0.35,0.75,-6.34,0.03,0.47,0.04,83.01,2.37
"Song 1196","Artist 82","Hip-Hop",2023,34,0.97,0.21,-2.98,0.25,0.48,0.77,97.72,4.7
"Song 1197","Artist 10","Classical",2023,29,0.95,0.45,-9.92,0.39,0.02,0.46,125.81,2.32
"Song 1198","Artist 12","Metal",2021,93,0.55,0.4,-9.82,0.12,0.78,0.88,138.93,5.63
"Song 1199","Artist 48","Country",2019,48,0.22,0.31,-2.65,0.23,0.56,0.93,78.9,3.1
"Song 1200","Artist 3","R&B",2019,68,0.37,0.37,-3.35,0.44,0.45,0.9,84.71,5.57
"Song 1201","Artist 26","Pop",2020,26,0.64,0.42,-12.7,0.99,0.49,0.44,169.68,4.47
"Song 1202","Artist 76","Pop",2025,37,0.9,0.38,-10.81,0.46,0.96,0.26,144.72,5.15
"Song 1203","Artist 60","Country",2015,24,0.61,0.55,-10.18,0.2,0.35,0.98,73.71,4.63
"Song 1204","Artist 45","R&B",2022,88,0.3,0.8,-9.19,0.31,0.64,0.69,149.48,2.06
"Song 1205","Artist 8","Indie",2021,40,0.59,0.35,-5.07,0.67,0.81,0.53,123.08,4.36
"Song 1206","Artist 17","Hip-Hop",2020,40,0.82,0.91,-8.32,0.14,0.65,0.02,76.79,4.82
"Song 1207","Artist 5","Metal",2017,90,0.64,0.8,-10.04,0.57,0.29,0.07,140.08,2.28
"Song 1208","Artist 83","Rock",2023,48,0.95,0.24,-10.5,0.06,0.35,0.76,109.64,3.49
"Song 1209","Artist 32","Metal",2020,33,0.96,0.64,-3.99,0.09,0.85,0.05,149.65,5.13
"Song 1210","Artist 2","Indie",2020,63,0.71,0.69,-10.08,0.12,0.96,0.71,164.64,2.42
"Song 1211","Artist 17","Electronic",2015,23,0.72,0.28,-8.3,0.02,0.97,0.93,100.36,4.53
"Song 1212","Artist 49","Country",2016,65,0.48,0.22,-6.93,0.5,0.62,0.91,157.77,2.8
"Song 1213","Artist 72","Electronic",2019,26,0.7,0.56,-13.99,0.49,0.51,0.39,126.02,5.68
"Song 1214","Artist 51","Metal",2023,22,0.63,0.3,-14.61,0.93,0.27,0.35,171.52,4.38
"Song 1215","Artist 18","Rock",2021,80,0.24,0.24,-8.82,0.73,0.69,0.69,80.12,5
"Song 1216","Artist 26","Hip-Hop",2023,37,0.62,0.79,-2.44,0.79,0.25,0.66,177.1,5.24
"Song 1217","Artist 30","Hip-Hop",2020,69,0.44,0.61,-12.68,0.44,0.97,0.91,103.16,5.72
"Song 1218","Artist 83","Country",2021,96,0.66,0.6,-9.42,0.88,0.1,0.96,118.93,5.97
"Song 1219","Artist 69","Classical",2017,68,0.49,0.76,-3.99,0.13,0.45,0.66,99.5,4.09
"Song 1220","Artist 93","Country",2017,39,0.69,0.29,-6.65,0.05,0.93,0.85,99.13,5.39
"Song 1221","Artist 93","R&B",2017,41,0.88,0.21,-4.55,0.52,0.94,0.08,136.27,3.37
"Song 1222","Artist 46","Electronic",2019,38,0.85,0.21,-6.54,0.42,0.12,0.28,141,5.63
"Song 1223","Artist 12","Pop",2019,20,0.63,0.26,-4.15,0.96,0.71,0.96,173.3,3.25
"Song 1224","Artist 56","Electronic",2019,20,0.6,0.79,-4.65,0.67,0.81,0.63,76.27,2.38
"Song 1225","Artist 1","Indie",2018,43,0.26,0.76,-14.48,1,0.09,0.4,131.49,3.43
"Song 1226","Artist 48","Classical",2017,66,0.74,0.78,-13.96,0.62,0.87,0.64,114.47,2.99
"Song 1227","Artist 94","Jazz",2020,93,0.91,0.41,-3.33,0.62,0.48,0.67,124.82,3.66
"Song 1228","Artist 52","Pop",2025,25,0.36,0.98,-8.07,0.23,0.57,0.29,127.54,5.47
"Song 1229","Artist 7","Metal",2016,97,0.98,0.72,-3.17,0.15,0.68,1,71.01,2.86
"Song 1230","Artist 69","Pop",2023,82,0.96,0.93,-5.54,0.11,0.87,0.31,133.13,5.55
"Song 1231","Artist 10","Country",2022,21,0.6,0.66,-4.52,0.73,0.74,0.05,115.22,5.53
"Song 1232","Artist 36","Metal",2025,34,0.67,0.52,-6.01,0.8,0.39,0.99,81.18,5.1
"Song 1233","Artist 8","Electronic",2021,77,0.41,0.63,-4.43,0.04,0.97,0.35,82.33,2.99
"Song 1234","Artist 49","Country",2019,24,0.97,0.56,-7.98,0.84,0.25,0.67,85,3.59
"Song 1235","Artist 95","Rock",2025,83,0.76,0.28,-11.98,0.41,0.97,0.69,85.52,4.46
"Song 1236","Artist 69","Jazz",2023,63,0.75,0.54,-13.24,0.02,0.63,0.16,72.43,2.22
"Song 1237","Artist 39","Classical",2021,40,0.99,0.22,-7.07,0.87,0.59,0.16,77.32,5.17
"Song 1238","Artist 22","Classical",2020,94,0.79,0.48,-9.94,0.53,0.48,0.79,173.45,5.16
"Song 1239","Artist 76","Pop",2021,93,0.39,0.41,-13.55,0.88,0.59,0.79,111.79,5.95
"Song 1240","Artist 10","Country",2025,62,0.92,0.22,-14.9,0.13,0.16,0.39,88.95,4.35
"Song 1241","Artist 62","Indie",2022,23,0.73,0.56,-8.85,0.23,0.31,0.39,173.06,4.1
"Song 1242","Artist 93","Electronic",2024,38,0.59,0.74,-8.51,0.9,0.59,0.68,72.52,2.37
"Song 1243","Artist 94","Pop",2018,35,0.63,0.61,-3.53,0.78,0.93,0.13,167.06,5.03
"Song 1244","Artist 65","Electronic",2016,32,0.39,0.84,-5.97,0.74,0.78,0.47,129.99,5.73
"Song 1245","Artist 47","Electronic",2021,97,0.31,0.81,-2.09,0.81,0.8,0.85,153.14,5.55
"Song 1246","Artist 14","Electronic",2023,83,0.74,0.36,-11.11,0.28,0.68,0.48,114.53,2.65
"Song 1247","Artist 71","Hip-Hop",2021,82,0.65,0.31,-11.03,0.78,0.61,0.95,80.37,3.98
"Song 1248","Artist 63","Classical",2023,45,0.78,0.44,-2.97,0.87,0.8,0.27,72.25,4.85
"Song 1249","Artist 34","Jazz",2021,95,0.41,0.23,-14.92,0.06,0.12,0.44,132.68,3.56
"Song 1250","Artist 74","Jazz",2017,62,0.71,0.57,-11.8,0.92,0.19,0.77,177.98,4.21
"Song 1251","Artist 79","Rock",2021,82,0.54,0.92,-3.86,0.53,0.79,0.4,162.17,5.81
"Song 1252","Artist 19","R&B",2022,72,0.62,0.26,-8.61,0.49,0.17,0.29,110.29,2.24
"Song 1253","Artist 82","Jazz",2021,38,0.42,0.71,-9.53,0.97,0.97,0.63,109.92,3.99
"Song 1254","Artist 22","Electronic",2019,54,0.41,0.4,-3.46,0.88,0.06,0.08,141.91,2.29
"Song 1255","Artist 18","Pop",2016,51,0.72,0.47,-7.18,0.57,0.84,0.07,166.33,5.49
"Song 1256","Artist 51","Jazz",2024,26,0.38,0.34,-7.98,0.47,0.59,0.78,124.5,4.79
"Song 1257","Artist 67","R&B",2017,26,0.76,0.71,-3.14,0.16,0.99,0.14,111.8,4.77
"Song 1258","Artist 52","Indie",2022,73,0.26,0.37,-14.82,0.66,0.98,0.59,165.64,2.1
"Song 1259","Artist 63","Country",2023,82,0.45,0.53,-10.74,0.28,0.38,0.67,129.56,2.13
"Song 1260","Artist 37","Rock",2022,31,0.34,0.76,-8.4,0.16,0.39,0.06,146.37,4.02
"Song 1261","Artist 18","Hip-Hop",2025,83,0.95,0.76,-2.9,0.68,0.27,0.6,75.25,5.92
"Song 1262","Artist 41","Classical",2023,53,0.47,0.79,-7.7,0.34,0.98,0.98,178.21,5.87
"Song 1263","Artist 65","Classical",2025,50,0.35,0.73,-7.53,0.17,0.88,0.59,166.69,2.8
"Song 1264","Artist 39","Classical",2025,78,0.83,0.62,-10.67,0.42,0.57,0.15,106.82,2.07
"Song 1265","Artist 15","Indie",2024,80,0.75,0.79,-12.99,0.36,0.01,0.59,145.8,4.25
"Song 1266","Artist 49","Country",2022,40,0.82,0.49,-7.41,0.37,0.1,0.05,89.71,4.52
"Song 1267","Artist 70","Hip-Hop",2018,46,0.55,0.28,-13.91,0.73,0.92,0.75,158.45,2.66
"Song 1268","Artist 97","Jazz",2023,34,0.89,0.54,-3.88,0.91,0.92,0.26,91.7,3.88
"Song 1269","Artist 40","Hip-Hop",2018,54,0.9,0.32,-7.24,0.39,0.53,0.11,86.54,3.15
"Song 1270","Artist 74","R&B",2021,36,0.55,0.99,-7.95,0.31,0.51,0.74,91.1,4.63
"Song 1271","Artist 60","Indie",2016,47,0.61,0.55,-7.76,1,0.56,0.94,114.53,5.78
"Song 1272","Artist 34","Metal",2017,50,0.54,0.55,-12.79,0.78,0.35,0.02,132.96,3.13
"Song 1273","Artist 90","Metal",2023,37,0.89,0.48,-12.64,0.73,0.04,0.01,144.73,5.07
"Song 1274","Artist 18","R&B",2017,88,0.25,0.47,-3.05,0.77,0.53,0.36,157.69,3.52
"Song 1275","Artist 69","Country",2025,97,0.31,1,-7.25,0.42,0.99,0.42,145.1,2.33
"Song 1276","Artist 60","R&B",2025,41,0.91,0.54,-2.31,0.17,0.02,0.35,109.53,2.45
"Song 1277","Artist 35","Country",2018,77,0.75,0.9,-5.75,0.83,0.52,0.03,107.19,5.19
"Song 1278","Artist 70","Hip-Hop",2016,93,0.88,0.44,-4.39,0.33,0.6,0.34,97.61,5.02
"Song 1279","Artist 93","Jazz",2015,38,0.95,0.26,-8.86,0.92,0.15,0.9,105.98,2.31
"Song 1280","Artist 54","Pop",2016,76,0.31,0.67,-5.81,0.3,0.47,0.59,124.92,2.14
"Song 1281","Artist 43","Jazz",2017,84,0.77,0.63,-8.57,0.54,0.79,0.79,136.72,3.12
"Song 1282","Artist 73","Pop",2021,71,0.59,0.87,-9.68,0.79,0.13,0.69,157.28,2.57
"Song 1283","Artist 22","Indie",2018,97,0.31,0.91,-7.35,0.97,0.27,0.28,154.93,2.52
"Song 1284","Artist 20","Hip-Hop",2016,83,0.3,0.65,-13.63,0.34,0.82,0.71,129.41,5.74
"Song 1285","Artist 47","Jazz",2019,65,0.79,0.32,-3.36,0.03,0.11,0.97,168.22,5.46
"Song 1286","Artist 94","Indie",2024,63,0.93,0.43,-7.77,0.23,0.25,0.28,149.4,5.31
"Song 1287","Artist 41","Indie",2025,75,0.86,0.98,-14.12,0.04,0.42,0.45,102.15,5.97
"Song 1288","Artist 14","R&B",2018,65,0.56,0.7,-13.58,0.36,0.21,0.42,136.41,4.56
"Song 1289","Artist 29","Pop",2024,32,0.96,0.26,-7.21,0.5,0.94,0.39,178.85,5.07
"Song 1290","Artist 11","Indie",2017,37,0.3,0.4,-5.46,0.94,0.93,0.47,98.73,3.1
"Song 1291","Artist 60","Electronic",2019,83,0.57,0.32,-7.03,0.93,0.02,0.67,99.21,5.73
"Song 1292","Artist 20","Country",2015,84,0.81,0.35,-4.21,0.33,0.24,0.22,99.08,5.14
"Song 1293","Artist 81","Indie",2023,100,0.92,0.55,-6,0.7,0.57,0.33,173.35,3.17
"Song 1294","Artist 88","Country",2017,51,0.56,0.8,-4.59,0.82,0.95,0.23,169.43,4.45
"Song 1295","Artist 51","Electronic",2025,82,0.21,0.62,-4.49,0.97,0.92,0.27,123.97,2.14
"Song 1296","Artist 89","Classical",2025,74,0.68,0.83,-5.27,0.3,0.14,0.58,147.34,5.74
"Song 1297","Artist 13","Rock",2021,87,0.62,0.66,-9.72,0.53,0.71,0.81,99.07,4.27
"Song 1298","Artist 76","Pop",2024,42,0.27,0.56,-7.69,0.43,0.78,0.1,73.52,2.95
"Song 1299","Artist 6","Country",2016,23,0.71,0.2,-3.83,0.47,0.6,0.37,152.47,4.22
"Song 1300","Artist 67","Pop",2015,52,0.69,0.34,-5.55,0.1,0.64,0.19,149.85,5.17
"Song 1301","Artist 92","Indie",2015,87,0.51,0.34,-5.98,0.13,0.13,0.83,111.2,2.74
"Song 1302","Artist 44","Electronic",2019,95,0.56,0.87,-2.69,0.94,0.01,0.27,113.02,2.8
"Song 1303","Artist 11","Electronic",2019,97,0.78,0.27,-7.83,0.6,0.02,0.75,165.75,5.26
"Song 1304","Artist 19","Country",2025,24,0.62,0.82,-8.25,0.11,0.13,0.68,112.82,2.6
"Song 1305","Artist 11","Jazz",2023,78,0.3,0.96,-13.25,0.63,0.26,0.23,175.81,2.4
"Song 1306","Artist 63","Electronic",2016,64,0.37,0.97,-2.49,0.9,0.59,0.47,111.41,3.22
"Song 1307","Artist 100","Metal",2022,73,0.28,0.56,-6.49,0.14,0.32,0.99,100.46,5.24
"Song 1308","Artist 22","Pop",2015,83,0.56,0.68,-9.8,0.48,0.03,0.67,152.15,5.35
"Song 1309","Artist 11","Jazz",2025,34,0.99,0.73,-13.91,0.49,0.21,0.17,86.75,4.55
"Song 1310","Artist 27","Hip-Hop",2019,55,0.49,0.91,-2.55,0.4,0.77,0.21,70.37,4.37
"Song 1311","Artist 2","Indie",2019,100,0.49,0.8,-14.49,0.07,0.78,0.3,101.2,3.63
"Song 1312","Artist 6","Rock",2025,63,0.58,0.26,-7.69,0.46,0.48,0.92,168.45,2.65
"Song 1313","Artist 100","Classical",2016,61,0.86,0.46,-6.93,0.97,0.11,0.97,178.74,3.71
"Song 1314","Artist 55","Hip-Hop",2019,89,0.73,0.87,-5,0.56,0.89,0.01,175.93,2.6
"Song 1315","Artist 48","Electronic",2015,98,0.28,0.62,-9.64,0.78,0.81,0.28,142.33,3.25
"Song 1316","Artist 28","Pop",2023,42,0.97,0.29,-10.73,0.32,0.27,0.21,102.4,5.17
"Song 1317","Artist 29","R&B",2015,92,0.9,0.53,-8.57,0.72,0.08,0.84,123.5,2.01
"Song 1318","Artist 68","Metal",2017,89,0.85,0.43,-12.9,0.5,0.61,0.73,179.98,2.34
"Song 1319","Artist 41","Metal",2023,65,0.74,0.96,-9.87,0.76,0.26,0.41,138.15,4.47
"Song 1320","Artist 5","Indie",2024,69,0.56,0.75,-10.61,0.8,0.81,0.17,107.19,2.39
"Song 1321","Artist 95","Rock",2023,48,0.86,0.3,-13.6,0.67,0.13,0.53,89.7,5.88
"Song 1322","Artist 9","Pop",2020,46,0.27,0.67,-6.72,0.25,0.74,0.25,133.92,2.87
"Song 1323","Artist 83","Hip-Hop",2015,65,0.38,0.29,-10.81,0.99,0.48,0.52,119.06,4.99
"Song 1324","Artist 28","Pop",2022,79,0.24,0.32,-11.12,0.81,0.54,0.85,91.92,2.96
"Song 1325","Artist 15","Electronic",2015,88,0.28,0.67,-12.16,0.67,0.09,0.56,154.87,2.45
"Song 1326","Artist 60","Country",2019,92,0.72,0.53,-3.1,0.98,0.18,0.62,118.88,5.13
"Song 1327","Artist 75","Electronic",2017,22,0.7,0.73,-14.11,0.24,0.49,0.71,78.2,4.17
"Song 1328","Artist 93","Rock",2016,90,0.87,0.64,-3.89,0.17,0.24,0.47,132.69,3.41
"Song 1329","Artist 17","Rock",2020,32,0.54,0.37,-12.66,0.14,0.77,0.94,179.41,4.81
"Song 1330","Artist 61","Jazz",2022,27,1,0.42,-5.53,0.71,0.32,0.89,142.76,4.25
"Song 1331","Artist 41","Rock",2023,100,0.81,0.48,-2.67,0.55,0.93,0.95,88.29,2.63
"Song 1332","Artist 25","Classical",2025,85,0.83,0.64,-10.66,0.11,0.89,0.67,85.73,2.24
"Song 1333","Artist 76","Classical",2016,33,0.91,0.3,-3.76,0.74,0.46,0.12,89.56,5.18
"Song 1334","Artist 19","Classical",2019,78,0.7,0.37,-6.77,0.47,0.81,0.98,142.67,3.9
"Song 1335","Artist 52","Electronic",2021,87,0.36,0.71,-11.96,0.86,0.95,0.8,127.74,5.23
"Song 1336","Artist 71","Indie",2017,95,0.61,0.72,-9.53,0.68,0.65,0.1,79.18,4.64
"Song 1337","Artist 11","Jazz",2015,88,0.59,0.56,-11.49,0.79,0.74,0.89,153.11,2.59
"Song 1338","Artist 15","Hip-Hop",2025,71,0.56,0.83,-2.64,0.19,0.48,0.71,99.59,3.38
"Song 1339","Artist 73","Hip-Hop",2021,96,0.21,0.61,-3.83,0.49,0.04,0,139.22,5.33
"Song 1340","Artist 88","Hip-Hop",2023,82,0.63,0.83,-11.84,0.03,0.17,0.52,72.43,5.95
"Song 1341","Artist 83","Electronic",2021,97,0.69,0.34,-6.95,0.26,0.65,0.51,160.14,3.59
"Song 1342","Artist 11","Country",2025,42,0.48,0.35,-7.42,0.32,0.14,0.79,145.2,5.53
"Song 1343","Artist 33","Classical",2019,92,0.29,0.24,-6.56,0.57,0.37,0.78,99.92,4.11
"Song 1344","Artist 73","R&B",2019,80,0.74,0.68,-11.61,0.04,0.28,0.53,142.37,2.38
"Song 1345","Artist 23","Indie",2016,46,0.54,0.23,-3.04,0.07,0.98,0.98,153.68,4.85
"Song 1346","Artist 17","Electronic",2016,98,0.24,0.43,-6.07,0.05,0.74,0.78,108.71,4.42
"Song 1347","Artist 10","Indie",2024,42,0.65,0.83,-2.66,0.09,0.59,1,178.7,4.79
"Song 1348","Artist 72","Electronic",2017,22,0.39,0.37,-2.02,0.42,0.11,0.68,169.25,5.88
"Song 1349","Artist 18","R&B",2021,24,0.72,0.44,-8.89,0.73,0.26,0.57,136.89,3.86
"Song 1350","Artist 24","Pop",2024,31,0.51,0.38,-7.2,0.15,0.43,0.91,152.61,4.86
"Song 1351","Artist 89","Jazz",2018,59,0.72,0.23,-9.44,0.1,0.8,0.28,94.62,2.95
"Song 1352","Artist 50","Indie",2023,82,0.64,0.53,-7.51,0.28,0.42,0.16,131.61,4.64
"Song 1353","Artist 71","Classical",2024,59,0.79,0.43,-7.4,0.53,0.81,0.02,99.29,3.52
"Song 1354","Artist 12","Hip-Hop",2021,76,0.86,0.72,-6.31,0.64,0.62,0.88,102.02,4.45
"Song 1355","Artist 80","R&B",2015,33,0.65,0.91,-13.69,0.51,0.2,0.03,108.17,2.84
"Song 1356","Artist 3","Pop",2015,76,0.34,0.29,-8.99,0.77,0.09,0.03,117.68,2.58
"Song 1357","Artist 31","Pop",2018,43,0.64,0.49,-12.42,0.29,0.88,0.27,175.71,2.79
"Song 1358","Artist 99","Jazz",2022,93,0.79,0.72,-2.74,0.76,0.08,0.87,88.33,2.82
"Song 1359","Artist 21","Pop",2022,33,0.45,0.97,-6.61,0.79,0.98,0.74,80.87,2.04
"Song 1360","Artist 62","Classical",2017,59,0.74,0.24,-8.97,0.22,0.78,0.14,106.03,4.49
"Song 1361","Artist 34","Jazz",2015,88,0.54,0.97,-14.38,0.41,0.21,0.02,108.5,2.46
"Song 1362","Artist 28","Rock",2022,39,0.9,0.67,-9.25,0.94,0.73,0.44,77.47,4.92
"Song 1363","Artist 36","Country",2025,43,0.91,0.56,-4.44,0.57,0.24,0.24,134.31,4.91
"Song 1364","Artist 26","Pop",2017,23,0.59,0.52,-6.21,0.78,0.46,0.06,134.07,2.16
"Song 1365","Artist 1","Metal",2018,48,0.76,0.56,-14.99,0.56,0.58,0.74,96.89,5.8
"Song 1366","Artist 90","R&B",2018,63,0.91,0.3,-8.17,0.36,0.48,0.64,115.02,2.46
"Song 1367","Artist 21","Classical",2017,40,0.54,0.62,-10.99,0.84,0.85,0.36,149.58,3.02
"Song 1368","Artist 42","Country",2016,91,0.54,0.7,-10.45,0.58,0.59,0.94,121.54,5.8
"Song 1369","Artist 85","Pop",2024,60,0.22,0.95,-12.03,0.38,0.17,0.88,168.73,3.3
"Song 1370","Artist 35","Country",2023,85,0.8,0.38,-12.89,0.66,0.52,0.26,109.42,4.08
"Song 1371","Artist 94","Jazz",2018,73,0.94,0.74,-10.43,0.76,0.03,0.81,169.16,3.65
"Song 1372","Artist 12","Indie",2024,69,0.85,0.81,-3.75,0.77,0.57,0.71,170.03,2.08
"Song 1373","Artist 97","Country",2023,92,0.92,0.35,-4.54,0.57,0.8,0.37,125.58,4.18
"Song 1374","Artist 13","Electronic",2020,88,0.35,0.29,-5.85,0.81,0.09,0.39,176.22,3.74
"Song 1375","Artist 50","Indie",2024,60,0.8,0.72,-2.23,0.52,0.21,0.41,118.42,4.55
"Song 1376","Artist 64","Jazz",2017,21,0.23,0.21,-11.97,0.54,0.2,0.76,72.04,5.42
"Song 1377","Artist 33","Classical",2016,37,0.55,0.55,-4.09,0.42,0.26,0.88,156,2.01
"Song 1378","Artist 24","Country",2016,29,0.5,0.54,-6.06,0.42,0.17,0.47,120.83,5.03
"Song 1379","Artist 9","Hip-Hop",2022,20,0.26,0.58,-3.38,0.52,0.41,0.28,125.84,4.31
"Song 1380","Artist 31","Indie",2021,87,0.69,0.65,-11.94,0.56,0.63,0.66,136.12,5.51
"Song 1381","Artist 96","Hip-Hop",2024,54,0.87,0.5,-7.79,0.41,0.48,0.53,133.03,2.03
"Song 1382","Artist 66","Hip-Hop",2024,51,0.54,0.74,-5.57,0.34,0.28,0.06,120.62,2.9
"Song 1383","Artist 31","Jazz",2016,22,0.59,0.4,-2.89,0.61,0.01,0.38,93.74,2.96
"Song 1384","Artist 60","Indie",2024,69,0.48,0.89,-10.26,0.02,0.41,0.98,171.69,5.99
"Song 1385","Artist 91","R&B",2019,38,0.84,0.53,-14.08,0.72,0.64,0.1,122.08,4.23
"Song 1386","Artist 99","Pop",2015,66,0.23,1,-9.93,0.54,0.96,0.8,78.87,3.39
"Song 1387","Artist 97","Electronic",2021,99,0.75,0.58,-8.72,0.45,0.93,0.93,145.46,4.17
"Song 1388","Artist 23","Country",2016,98,0.24,0.98,-6.84,0.17,0.71,0.82,99.06,5.52
"Song 1389","Artist 37","Country",2017,100,0.31,0.3,-12.83,0.26,0.71,0.4,74.46,4.14
"Song 1390","Artist 74","Classical",2017,52,0.26,0.73,-12.67,0.94,0.8,0.91,127.04,5.87
"Song 1391","Artist 43","Pop",2021,79,0.35,0.62,-3.13,0.13,0.27,0.58,173.85,4.11
"Song 1392","Artist 19","Electronic",2016,75,0.3,0.55,-3.73,0.94,0.4,0.52,170.38,3.98
"Song 1393","Artist 16","Rock",2015,52,0.73,0.53,-8.04,0.96,0.75,0.98,153.95,5.68
"Song 1394","Artist 39","Rock",2021,48,0.28,0.98,-6.26,0.81,0.75,0.03,127.89,4.19
"Song 1395","Artist 96","Classical",2017,71,0.75,0.33,-8.59,0.26,0.24,0.97,128.46,4.99
"Song 1396","Artist 50","R&B",2025,98,0.56,0.78,-10.69,0.39,0.94,0.51,109.89,2.71
"Song 1397","Artist 19","R&B",2016,59,0.86,0.82,-11.55,0.67,0.65,0.63,177.05,2.57
"Song 1398","Artist 4","Metal",2023,96,0.65,0.41,-2.35,0.24,0.53,0.32,167.42,3.48
"Song 1399","Artist 51","Rock",2023,45,0.55,0.36,-3.29,0.62,0.51,0.32,126.93,2.93
"Song 1400","Artist 35","Rock",2020,76,0.54,0.8,-12.87,0.48,0.13,0.17,136.95,2.89
"Song 1401","Artist 34","R&B",2021,45,0.51,0.36,-6.49,0.13,0.98,0.13,164.06,2.47
"Song 1402","Artist 29","R&B",2023,33,0.91,0.65,-2.4,0.29,0.61,0.87,114.09,4.52
"Song 1403","Artist 77","Indie",2022,49,0.51,0.54,-9.25,0.73,0.51,0.59,84.33,4
"Song 1404","Artist 100","Jazz",2022,71,0.96,0.53,-4.93,0.35,0.4,0.74,125.99,3.25
"Song 1405","Artist 84","Indie",2024,39,0.66,0.7,-5.43,0.14,0.25,0.3,83.34,3.59
"Song 1406","Artist 54","Pop",2022,69,0.68,0.36,-11.22,0.66,0.38,0.43,172.98,2.02
"Song 1407","Artist 67","Pop",2017,35,0.46,0.96,-2.75,0.76,0.58,0.55,150.37,2.11
"Song 1408","Artist 89","Country",2018,62,0.71,0.29,-8.7,0.95,0,0.37,81.09,2.06
"Song 1409","Artist 85","Country",2021,91,0.45,0.64,-11.83,0.1,0.31,0.14,84.6,2.38
"Song 1410","Artist 53","Metal",2015,69,1,0.68,-11.37,0.36,0.06,0.83,170.92,2.01
"Song 1411","Artist 40","Jazz",2024,73,0.69,0.38,-3.84,0.25,0.48,0.86,113.04,2.93
"Song 1412","Artist 5","Rock",2020,56,0.52,0.41,-3.28,0.05,0.17,0.34,117.54,4.27
"Song 1413","Artist 5","Electronic",2024,21,0.35,0.92,-3.74,0.86,0.02,0.64,161.57,5.38
"Song 1414","Artist 83","Pop",2017,87,0.28,0.26,-6.96,0.39,0.05,0.93,106.42,5.89
"Song 1415","Artist 94","Hip-Hop",2021,100,0.31,0.54,-7.74,0.34,0.21,0.96,99.37,5.96
"Song 1416","Artist 71","Country",2016,62,0.53,0.27,-5.77,0.42,0.65,0.58,149.88,5.87
"Song 1417","Artist 17","Pop",2019,99,0.62,0.87,-13.77,0.24,0.54,0.95,98.99,2.57
"Song 1418","Artist 93","Indie",2016,71,0.88,0.48,-2.25,0.24,0.55,0.87,76.07,4.4
"Song 1419","Artist 98","Country",2015,91,0.73,0.76,-7.21,0.97,0.2,0.4,146.73,3.05
"Song 1420","Artist 17","R&B",2016,28,0.5,0.94,-14.88,0.89,0.07,0.96,155.15,2.08
"Song 1421","Artist 61","R&B",2023,52,0.98,0.52,-3.71,0.09,0.5,0.68,114.62,4.64
"Song 1422","Artist 11","Electronic",2025,50,0.99,0.3,-11.83,0.7,0.31,0.32,137.61,5.34
"Song 1423","Artist 14","Rock",2023,96,0.37,0.69,-7.45,0.5,0.37,0.2,111.69,4.56
"Song 1424","Artist 33","Rock",2024,75,0.24,0.68,-5.36,0.06,0.9,0.33,154.83,5.48
"Song 1425","Artist 34","Classical",2023,84,0.95,0.92,-14.61,0.89,0.05,0.68,85.64,4.57
"Song 1426","Artist 64","Pop",2018,21,0.58,0.38,-13.34,0.88,0.35,0.73,179.54,4.21
"Song 1427","Artist 10","Hip-Hop",2022,38,0.43,0.39,-10.72,0.93,0.85,0.26,135.99,4.22
"Song 1428","Artist 98","Country",2025,51,0.3,0.23,-2.34,0.15,0.26,0.85,172.41,4.84
"Song 1429","Artist 38","Rock",2017,90,0.89,0.37,-4.32,0.65,0.97,0.34,95.59,5.57
"Song 1430","Artist 77","Hip-Hop",2018,67,0.48,0.38,-5.7,0.28,0.2,0.03,114.7,3.94
"Song 1431","Artist 12","Electronic",2018,56,0.28,0.71,-7.14,0.92,0.21,0.7,144.87,5.81
"Song 1432","Artist 35","Pop",2016,70,0.36,0.43,-2.87,0.93,0.46,0.1,86.98,4.44
"Song 1433","Artist 59","R&B",2025,96,0.21,0.95,-8.49,0.8,0.88,0.95,91.05,4.6
"Song 1434","Artist 33","Metal",2016,26,0.83,0.6,-6.65,0.47,0.07,0.8,177.46,2.6
"Song 1435","Artist 43","Jazz",2018,83,0.33,0.49,-7.31,0.48,0.31,0.69,149.55,5.9
"Song 1436","Artist 11","R&B",2018,96,0.54,0.67,-13.15,0.22,0.21,0.24,123.69,3.47
"Song 1437","Artist 72","Electronic",2024,93,0.93,0.64,-11.18,0.34,0.21,0.25,123.49,3.53
"Song 1438","Artist 81","Rock",2016,39,0.24,0.79,-6.2,0.03,0.27,0.54,128.57,4.73
"Song 1439","Artist 4","Electronic",2017,59,0.58,0.63,-3.89,0.27,0.68,0.52,104.93,3.84
"Song 1440","Artist 76","Electronic",2024,56,0.95,0.47,-13.58,0.48,0.76,0.88,153.1,4.1
"Song 1441","Artist 47","Pop",2016,77,0.36,0.53,-13.24,0.38,0.55,0.94,104.48,2.89
"Song 1442","Artist 56","Classical",2019,80,0.51,0.94,-3.07,0.16,0.89,0.9,112.93,5.14
"Song 1443","Artist 14","Indie",2022,78,0.59,0.48,-11.53,0.84,0.02,0.84,120.76,5.46
"Song 1444","Artist 51","Jazz",2025,55,0.55,0.72,-3.22,0.64,0.94,0.39,74.62,2.61
"Song 1445","Artist 27","Classical",2020,27,0.64,0.61,-9.4,0.89,0.11,0.15,76.45,5.64
"Song 1446","Artist 75","Indie",2024,49,0.39,0.37,-2.68,0.34,0.15,0.91,165.03,2.68
"Song 1447","Artist 49","R&B",2025,52,0.34,0.62,-9.25,0.26,0.24,0.33,164.52,4.24
"Song 1448","Artist 29","R&B",2023,47,0.24,0.6,-5.84,0.4,0.13,0.91,109.49,2.31
"Song 1449","Artist 38","Classical",2020,94,0.27,0.26,-10.25,0.97,0.99,0.57,140.45,4.49
"Song 1450","Artist 19","Electronic",2024,58,0.46,0.55,-5.42,0.5,0.99,0.53,112.09,5.63
"Song 1451","Artist 21","Metal",2025,80,0.63,0.51,-5.7,0.2,0.79,0.77,156.25,2.79
"Song 1452","Artist 49","Jazz",2024,23,0.58,0.91,-13.63,0.09,0.21,0.69,146.7,5.92
"Song 1453","Artist 6","Classical",2019,47,0.43,0.22,-8.09,0.79,0.65,0.74,94.63,5.67
"Song 1454","Artist 69","Rock",2018,64,0.44,0.38,-7.14,0.6,0.14,0.58,167.16,3.61
"Song 1455","Artist 88","Rock",2019,75,0.74,0.53,-11.24,0.86,0.18,0.47,73.84,4.55
"Song 1456","Artist 16","Indie",2015,60,0.43,0.69,-3.6,0.53,0.46,0.44,148.31,2.89
"Song 1457","Artist 73","R&B",2023,62,0.37,0.36,-4.54,0.5,0.07,0.28,140.92,3.37
"Song 1458","Artist 78","Metal",2015,36,0.25,0.51,-14,0.21,1,0.96,124.93,2.33
"Song 1459","Artist 62","Pop",2024,77,0.22,0.78,-11.41,0.87,0.95,0.93,103.42,5.7
"Song 1460","Artist 69","Rock",2024,40,0.92,0.7,-6.07,0.48,0.5,0.22,145.73,4.79
"Song 1461","Artist 30","Indie",2016,41,0.43,0.43,-3.1,0.2,0.32,0.93,169.92,5.33
"Song 1462","Artist 62","Hip-Hop",2015,91,0.64,0.92,-14.61,0.62,0.86,0.36,90.2,5.86
"Song 1463","Artist 45","Pop",2015,22,0.89,0.85,-9.18,0.89,0.31,0.41,91.55,3.63
"Song 1464","Artist 68","Jazz",2021,32,0.72,0.84,-2.83,0.37,0.46,0.61,151.72,3.09
"Song 1465","Artist 68","Indie",2021,20,0.49,0.58,-3.76,0.32,0.56,0.8,122.98,3.04
"Song 1466","Artist 96","Rock",2015,85,0.96,0.97,-11.97,0.05,0.61,0.31,74.53,4.66
"Song 1467","Artist 92","Classical",2016,81,0.34,0.2,-6.27,0.64,0.06,0.67,72.21,5.81
"Song 1468","Artist 85","Pop",2015,57,0.25,0.29,-5.79,0.94,0.23,0.27,119.43,4.25
"Song 1469","Artist 52","Indie",2019,79,0.81,0.77,-3.78,0.27,0.62,0.55,169.35,5.05
"Song 1470","Artist 70","Pop",2025,94,0.24,0.25,-12.18,0.22,0.57,0.09,119,2.09
"Song 1471","Artist 42","Pop",2017,65,0.66,0.57,-7.72,0.7,0,0.54,75.22,3.56
"Song 1472","Artist 20","Indie",2019,60,0.8,0.68,-8.54,0.85,0.49,0.29,96.59,5.03
"Song 1473","Artist 81","Country",2020,88,0.37,0.55,-3.47,0.06,0.35,0.44,102.63,2.08
"Song 1474","Artist 75","Jazz",2019,75,0.95,0.63,-14.35,0.96,0.03,0.52,123.37,3.82
"Song 1475","Artist 40","Pop",2019,87,0.91,0.68,-5.67,0.43,0.85,0.7,119.33,3.76
"Song 1476","Artist 21","Electronic",2025,41,0.62,0.93,-14.94,0.2,0.95,0.79,73.79,3.73
"Song 1477","Artist 96","R&B",2016,52,0.91,0.67,-5.79,0.58,0.4,0.86,176.78,3.96
"Song 1478","Artist 58","Jazz",2017,58,0.89,0.32,-4.26,0.65,0.32,0.32,166.33,2.02
"Song 1479","Artist 83","Jazz",2020,20,0.96,0.94,-10.09,0.15,0.06,0.91,95.89,4.76
"Song 1480","Artist 43","R&B",2024,60,0.82,0.63,-6.15,0.88,0.96,0.3,161.1,3.25
"Song 1481","Artist 1","Rock",2017,50,0.64,0.63,-13.73,0.82,0.05,0.36,137.54,4.87
"Song 1482","Artist 34","Hip-Hop",2015,37,0.59,0.75,-3.6,0.91,0.27,0.26,116.96,3.57
"Song 1483","Artist 76","Rock",2016,42,0.48,0.53,-13.71,0.3,0.59,0.96,153.89,4.65
"Song 1484","Artist 14","R&B",2020,90,0.71,0.47,-4.04,0.33,0.79,0.1,110.45,5.65
"Song 1485","Artist 67","Rock",2018,40,0.47,0.77,-6.48,0.31,0.45,0.77,134.81,3.65
"Song 1486","Artist 48","Classical",2016,27,0.26,0.24,-10.23,0.81,0.91,0.95,106.16,2.65
"Song 1487","Artist 20","Hip-Hop",2015,65,0.99,0.84,-14.71,0.23,0.89,0.93,168.09,5.95
"Song 1488","Artist 90","R&B",2015,87,0.34,0.42,-11.42,0.15,0.21,0.66,100.02,2.63
"Song 1489","Artist 4","R&B",2024,74,0.98,0.31,-7.37,0.78,0.35,0.93,105.68,3.99
"Song 1490","Artist 4","Indie",2018,77,0.56,0.73,-4.46,0.03,0.19,0.35,85.95,3.65
"Song 1491","Artist 90","Hip-Hop",2022,35,0.67,0.22,-8.73,0.19,0.16,0.75,171.12,4.13
"Song 1492","Artist 65","Jazz",2015,92,0.72,0.88,-3.87,0.32,0.56,0.73,118.94,5.36
"Song 1493","Artist 89","Pop",2020,82,0.94,0.65,-6.18,0.96,0.52,0.38,168.14,5.13
"Song 1494","Artist 81","Classical",2020,61,0.56,0.34,-6.02,0.12,0.95,0.69,136.06,2.26
"Song 1495","Artist 85","Pop",2019,95,0.55,0.25,-10.53,0.28,0.06,0.79,81.58,2.85
"Song 1496","Artist 36","Metal",2016,46,0.3,0.79,-8.06,0.22,0.06,0.41,111.5,5.22
"Song 1497","Artist 17","Country",2019,72,0.77,0.84,-8.72,0.83,0.53,0.01,128.1,3.41
"Song 1498","Artist 39","Rock",2024,32,0.5,0.69,-11.37,0.44,0.79,0.26,168.35,2.74
"Song 1499","Artist 59","R&B",2023,90,0.23,0.99,-9.26,0.19,0.71,0.38,124.2,3.47
"Song 1500","Artist 69","Pop",2015,52,0.82,0.84,-4.38,0.5,0.28,0.7,161.53,5.02
"Song 1501","Artist 93","Jazz",2019,83,0.64,0.65,-12.76,0.21,0.54,0.33,134.29,2.58
"Song 1502","Artist 9","Hip-Hop",2023,72,0.65,0.57,-4.69,0.94,0.03,0.76,80.95,3.16
"Song 1503","Artist 31","Country",2021,76,0.83,0.62,-7.72,0.38,0.27,0.57,121.65,5.35
"Song 1504","Artist 70","Electronic",2016,42,0.37,1,-6,0.03,0.71,0.09,164.51,3.11
"Song 1505","Artist 41","Hip-Hop",2017,36,0.86,0.76,-5.25,0.14,0.84,0.53,142.2,5.26
"Song 1506","Artist 31","Hip-Hop",2019,80,0.27,0.64,-2.07,0.36,0.12,0.15,92.24,3.77
"Song 1507","Artist 35","Metal",2020,27,0.56,0.83,-5.23,0.87,0.25,0.72,141.47,4.83
"Song 1508","Artist 73","Electronic",2015,63,0.47,0.91,-13.73,0.41,0.3,0.43,175.61,2.02
"Song 1509","Artist 49","Indie",2020,35,0.99,0.4,-7.73,0.88,0.41,0.18,135.58,3.96
"Song 1510","Artist 99","Classical",2015,90,0.94,0.32,-11,0.95,0.9,0.76,151.45,2.3
"Song 1511","Artist 38","Electronic",2021,54,0.87,0.79,-10.25,0.31,0.49,0.03,115.86,5.56
"Song 1512","Artist 82","Jazz",2016,89,0.41,0.8,-7.25,0.5,0.41,0.01,119.21,4.9
"Song 1513","Artist 17","Pop",2021,26,0.99,0.87,-2.36,1,0.39,0.45,178.07,2.63
"Song 1514","Artist 77","Metal",2015,65,0.71,0.52,-13.46,0.88,0.73,0.2,128.07,2.15
"Song 1515","Artist 47","Hip-Hop",2015,26,0.37,1,-10.02,0.97,0.09,0.42,174.31,5.96
"Song 1516","Artist 93","Metal",2019,65,0.73,0.66,-11.57,0.89,0.05,0.56,103.82,5.79
"Song 1517","Artist 53","Hip-Hop",2016,52,0.23,0.9,-8.23,0.73,0.92,0.07,160.15,3.14
"Song 1518","Artist 16","R&B",2023,52,0.61,0.5,-13.79,0.88,0.35,0.41,123.25,5.23
"Song 1519","Artist 97","Classical",2021,86,0.57,0.77,-11.92,0.72,0.64,0.86,75.57,5.93
"Song 1520","Artist 15","Indie",2018,65,0.99,0.39,-2.59,0.94,0.53,0.75,130.36,5.08
"Song 1521","Artist 91","Jazz",2015,21,0.22,0.8,-11.18,0.31,0.9,0.06,125.09,3.63
"Song 1522","Artist 22","Hip-Hop",2022,62,0.65,0.65,-11.41,0.19,0.57,0.24,99,4.07
"Song 1523","Artist 8","Jazz",2016,62,0.28,0.85,-11.59,0.72,0.67,0.1,74.05,4.43
"Song 1524","Artist 65","R&B",2022,73,0.48,0.33,-6.39,0.2,0.64,0.52,109.61,5.14
"Song 1525","Artist 70","R&B",2025,92,0.26,0.27,-10,0.27,0.56,0.7,84.85,2.59
"Song 1526","Artist 86","Rock",2022,42,0.83,0.39,-2.26,0.44,0.08,0.6,129.29,5.69
"Song 1527","Artist 70","Electronic",2023,74,0.4,0.9,-5.52,0.11,0.7,0.82,82.83,3.7
"Song 1528","Artist 5","Metal",2024,74,0.66,0.65,-5.95,0.08,0.5,0.83,111.1,4.22
"Song 1529","Artist 90","R&B",2018,87,0.82,0.38,-5.91,0,0.97,0.03,165.06,3.67
"Song 1530","Artist 9","Country",2021,94,0.64,0.65,-11.74,0.54,0.7,0.86,89.44,2.69
"Song 1531","Artist 31","Electronic",2020,82,0.36,0.72,-13.53,0.27,0.61,0.21,148.99,3.31
"Song 1532","Artist 67","R&B",2015,86,0.26,0.26,-5.16,0.54,0.04,0.42,112.42,2.5
"Song 1533","Artist 41","Jazz",2015,65,0.26,0.33,-12.54,0.93,0.46,0.01,108.36,3.9
"Song 1534","Artist 32","Jazz",2017,66,0.52,0.27,-8.35,0.94,0.36,0.36,107.36,3.16
"Song 1535","Artist 53","Hip-Hop",2015,44,0.63,0.96,-5.63,0.55,0.39,0.37,177.6,2.51
"Song 1536","Artist 23","Hip-Hop",2020,59,0.45,0.26,-10.94,0.06,0.79,0.07,175.69,3.9
"Song 1537","Artist 82","Pop",2020,65,0.77,0.42,-11.98,0.24,0.09,0.33,84.72,2.11
"Song 1538","Artist 86","Pop",2022,96,0.88,0.9,-14.58,0.94,0.72,0.22,173,3.52
"Song 1539","Artist 58","Classical",2016,40,0.93,0.32,-2.66,0.85,0.65,0.55,170.54,5.09
"Song 1540","Artist 23","Country",2023,77,0.56,0.26,-2.29,0.63,0.08,0.33,91.3,5.75
"Song 1541","Artist 25","Pop",2023,31,0.39,0.36,-4.86,0.67,0.12,0.2,104.63,3.53
"Song 1542","Artist 38","Electronic",2023,68,0.95,0.8,-11.77,0.86,0.27,0.54,161.56,5.37
"Song 1543","Artist 30","Jazz",2018,55,0.79,0.49,-14.32,0.65,0.39,0.55,179.89,2.91
"Song 1544","Artist 38","Pop",2018,57,0.91,0.67,-8.9,0.94,0.8,0.03,142.38,5.94
"Song 1545","Artist 4","Hip-Hop",2018,29,0.75,0.41,-14.3,0.69,0.09,0.13,123.47,4.18
"Song 1546","Artist 81","Metal",2025,35,0.65,0.95,-9.35,0.78,0.43,0.91,103.73,3.74
"Song 1547","Artist 70","Pop",2022,95,0.38,0.23,-13.31,0.65,0.87,0.43,104.16,2.62
"Song 1548","Artist 26","Rock",2023,39,0.8,0.56,-11.51,0.55,0.17,0.55,77.86,2.98
"Song 1549","Artist 39","Jazz",2015,97,0.7,0.36,-14.75,0.99,0.89,0.56,87.65,3.34
"Song 1550","Artist 96","Metal",2023,84,0.82,0.26,-3.53,0.59,0.85,0.28,83.35,4.56
"Song 1551","Artist 27","Electronic",2015,21,0.34,0.23,-6.83,0.42,0.02,0.19,73.19,2.84
"Song 1552","Artist 62","Rock",2020,20,0.77,0.75,-7.16,0.3,0.92,0.55,159.74,4.89
"Song 1553","Artist 75","Electronic",2015,80,0.48,0.75,-9.6,0.45,0.98,0.73,77.54,2.9
"Song 1554","Artist 21","Jazz",2018,83,0.8,0.97,-13.7,0.49,0.25,0.19,117.77,4.77
"Song 1555","Artist 97","Hip-Hop",2016,96,0.66,0.58,-14.45,0.15,0.94,0.89,178.42,2.5
"Song 1556","Artist 72","Metal",2018,85,0.34,0.59,-7.74,0.84,0.94,0.7,157.12,4.13
"Song 1557","Artist 17","Hip-Hop",2021,50,0.96,0.49,-2.6,0.46,0.86,0.05,78.27,3.02
"Song 1558","Artist 94","Hip-Hop",2017,81,0.54,0.74,-2.02,0.6,0.8,0.07,128.27,4.85
"Song 1559","Artist 78","Hip-Hop",2019,82,0.59,0.5,-4.16,0.56,0.3,0.07,94.49,5.01
"Song 1560","Artist 24","Pop",2022,84,0.61,0.4,-7.73,0.51,0.48,0.86,113.28,5.64
"Song 1561","Artist 7","Electronic",2021,43,0.51,0.32,-9.52,0.52,0.27,0.35,70.91,4.07
"Song 1562","Artist 67","Classical",2024,31,0.69,0.23,-5.39,0.18,0.46,0.6,158.09,4.52
"Song 1563","Artist 33","Pop",2021,71,0.84,0.2,-4.97,0.69,0.08,0.48,155.94,4.63
"Song 1564","Artist 88","Country",2017,80,0.71,0.21,-3.79,0.57,0.85,0.92,98.98,2.05
"Song 1565","Artist 79","Pop",2019,29,0.54,0.56,-2.42,0.55,0.15,0.7,152.53,5.63
"Song 1566","Artist 91","Pop",2015,22,0.61,0.85,-11.27,0.04,0.17,0.62,160.45,2.89
"Song 1567","Artist 24","Classical",2017,91,0.22,0.45,-6.88,0.43,0.15,0.65,169.86,3.97
"Song 1568","Artist 87","Indie",2021,43,0.51,0.93,-3.87,0.12,0.6,0.62,82.72,3.66
"Song 1569","Artist 46","Country",2017,21,0.48,0.76,-2.3,0.53,0.75,0.35,145.13,3.64
"Song 1570","Artist 27","Metal",2019,68,0.31,0.44,-2.32,0.33,0.86,0.27,139.33,4.45
"Song 1571","Artist 12","Rock",2015,39,0.51,0.62,-14.43,1,0.67,0.16,101.56,4.96
"Song 1572","Artist 49","R&B",2016,87,0.34,0.52,-7.24,0.31,0.65,0.87,73.38,5.41
"Song 1573","Artist 8","Rock",2015,89,0.63,0.2,-4.24,0.33,0.56,0.44,85.73,4.82
"Song 1574","Artist 97","Indie",2016,95,0.41,0.48,-3.48,0.12,0.41,0.58,75.88,4.32
"Song 1575","Artist 86","Country",2019,78,0.4,0.75,-14.89,0.44,0.24,0.18,134.94,2.87
"Song 1576","Artist 98","Country",2022,24,0.83,0.75,-9.7,0.96,0.61,0.92,95.07,3.23
"Song 1577","Artist 5","Classical",2023,74,0.68,0.42,-3,0.22,0.58,0.12,113.24,3.16
"Song 1578","Artist 77","Pop",2018,87,0.71,0.98,-4.6,0.89,0.37,0.53,92.71,2.02
"Song 1579","Artist 83","Hip-Hop",2020,59,0.51,0.55,-7.66,0.73,0.11,0.17,147.23,2.92
"Song 1580","Artist 95","Country",2021,51,0.97,0.96,-14.23,0.17,0.14,0.73,109.35,5.92
"Song 1581","Artist 26","Hip-Hop",2017,78,0.36,0.35,-8.07,0.71,0.36,0.88,86.67,4.24
"Song 1582","Artist 20","Jazz",2020,54,0.99,0.96,-12.59,0.65,0.5,0.71,162.68,4.97
"Song 1583","Artist 29","Classical",2015,28,0.68,0.31,-13.32,0.79,0.31,0.76,131.41,5.79
"Song 1584","Artist 56","Classical",2020,45,0.3,0.56,-6.36,0.97,0.77,0.81,120.52,5.03
"Song 1585","Artist 9","R&B",2019,90,0.3,0.51,-11.68,0.5,0.66,0.75,156.4,5.2
"Song 1586","Artist 80","R&B",2016,46,0.52,0.95,-5.63,0.57,0.54,0.27,105.74,3.67
"Song 1587","Artist 85","R&B",2017,67,0.71,0.63,-5.02,0.99,0.83,0.04,107.69,5.45
"Song 1588","Artist 97","Pop",2017,30,0.73,0.34,-2.97,0.72,0.46,0.73,178.34,4.94
"Song 1589","Artist 49","Electronic",2018,63,0.87,0.69,-7.24,0.42,0.15,0.43,153.84,3.85
"Song 1590","Artist 50","Country",2025,26,0.98,0.43,-6.39,0.83,0.52,0.98,98.47,3.91
"Song 1591","Artist 42","Pop",2017,32,0.42,0.59,-5.26,0.59,0.73,0.66,76.63,5.68
"Song 1592","Artist 73","Hip-Hop",2020,22,0.23,0.41,-2.92,0.94,0.13,0.75,83.04,3.87
"Song 1593","Artist 11","Electronic",2018,72,0.87,0.31,-11.83,0.01,0.64,0.05,72.67,5.31
"Song 1594","Artist 65","Rock",2025,30,0.91,0.62,-2.53,0.46,0.93,0.73,130.21,5.02
"Song 1595","Artist 98","Electronic",2024,26,0.64,0.44,-8.65,0.08,0.3,0.86,111.95,4.87
"Song 1596","Artist 75","Country",2021,53,0.59,0.94,-2.97,0.82,0.68,0.66,178.02,3.02
"Song 1597","Artist 89","Rock",2024,64,0.84,0.36,-10.92,0.84,0.12,0.54,95.22,3.36
"Song 1598","Artist 62","Electronic",2020,52,0.51,0.44,-3.57,0.3,0.7,0.01,70.52,4.71
"Song 1599","Artist 78","Country",2016,98,0.23,0.75,-11.1,0.82,0.34,0.49,167.36,3.72
"Song 1600","Artist 95","Classical",2025,46,0.82,0.86,-4.91,0.79,0.96,0.82,131.66,3.97
"Song 1601","Artist 14","Rock",2020,86,0.23,0.88,-6.1,0.08,0.86,0.42,165.41,4.69
"Song 1602","Artist 84","Electronic",2023,79,0.98,0.85,-14.61,0.18,0.89,0.84,134.22,2.97
"Song 1603","Artist 88","R&B",2021,31,0.35,0.61,-6.95,0.69,0.08,0.13,148.23,3.17
"Song 1604","Artist 37","Country",2017,29,0.59,0.37,-9.3,0.29,0.82,0.88,140.78,3.28
"Song 1605","Artist 93","Classical",2024,73,0.98,0.82,-3.69,0.91,0.52,0.49,138.04,3.92
"Song 1606","Artist 10","Hip-Hop",2016,23,0.32,0.23,-12.26,0.96,0.48,0.32,175.71,5.03
"Song 1607","Artist 49","Metal",2018,44,0.92,0.67,-2.41,0.15,0.31,0.28,99.28,3.12
"Song 1608","Artist 52","Jazz",2017,96,0.44,0.69,-2.38,0.79,0.34,0.87,106.66,4.32
"Song 1609","Artist 71","Electronic",2022,44,0.53,0.74,-11,0.1,0.06,0.82,113.52,3.03
"Song 1610","Artist 22","Pop",2018,69,0.87,0.24,-6.71,0.06,0.88,0.29,151.94,4.42
"Song 1611","Artist 44","Electronic",2020,30,0.99,0.56,-2.85,0.4,0.28,0.79,133.45,3.39
"Song 1612","Artist 96","Country",2019,69,0.74,0.5,-10.05,0.28,0.07,0.5,75.87,5.11
"Song 1613","Artist 11","Metal",2015,33,0.46,0.88,-14.21,0.08,0.76,0.64,103.87,2.05
"Song 1614","Artist 18","Country",2017,31,0.54,0.29,-11.23,0.43,0.77,0.1,106.33,4.51
"Song 1615","Artist 12","Hip-Hop",2019,33,0.86,0.53,-9.26,0.66,0.71,0.76,141.91,4.37
"Song 1616","Artist 71","Hip-Hop",2018,63,0.57,0.37,-10.76,0.24,0.83,0.96,178.16,2.35
"Song 1617","Artist 3","Electronic",2022,64,0.66,0.89,-2.84,0.69,0.01,0.74,103.37,5.25
"Song 1618","Artist 59","Classical",2022,50,0.49,0.63,-4.28,0.29,0.71,0.35,93.07,4.37
"Song 1619","Artist 46","Classical",2019,70,0.95,0.75,-2.22,0.3,0.16,0.98,92.75,4.14
"Song 1620","Artist 82","Metal",2024,83,0.89,0.46,-12.01,0.21,0.9,0.76,89.66,4.12
"Song 1621","Artist 63","Electronic",2025,72,0.64,0.31,-6.58,0.04,0.03,0.28,148.84,2.66
"Song 1622","Artist 49","R&B",2020,83,0.82,0.7,-2.67,0.31,0.01,0.08,132.42,5.62
"Song 1623","Artist 70","Pop",2025,52,0.88,0.79,-14.08,0.06,0.57,0.18,96.06,4.43
"Song 1624","Artist 30","Rock",2023,58,0.57,0.99,-13.95,0.37,0.05,0.59,171.6,4.42
"Song 1625","Artist 70","Classical",2022,58,0.26,0.56,-5.58,0.5,0.12,0.93,83.54,3.15
"Song 1626","Artist 36","Pop",2017,74,0.34,0.92,-8.22,0.77,0.29,0.41,94.12,4.05
"Song 1627","Artist 53","Hip-Hop",2018,23,0.5,0.38,-10.76,0.95,0.45,0.34,148.59,2.27
"Song 1628","Artist 29","R&B",2018,47,0.92,0.32,-14.87,0.27,0.29,0.26,86.51,5.36
"Song 1629","Artist 37","Pop",2022,85,0.58,0.79,-13.56,0.26,0.27,1,99.12,2.54
"Song 1630","Artist 61","Metal",2023,72,0.64,0.88,-6.93,0.02,0.65,0.52,79.56,4.2
"Song 1631","Artist 42","Electronic",2023,59,0.36,0.9,-9.81,0.26,0.96,0.78,71.83,2.72
"Song 1632","Artist 54","Indie",2016,96,0.56,0.57,-14.07,0.63,0.03,0.67,161.72,2.22
"Song 1633","Artist 42","Country",2021,64,0.26,0.89,-9.51,0.39,0.13,0.75,84.13,2.17
"Song 1634","Artist 55","Hip-Hop",2018,25,0.67,0.58,-11.87,0.31,1,0.36,95.52,2.18
"Song 1635","Artist 62","Metal",2017,31,0.43,0.85,-3.43,0.65,0.17,0.08,72.64,5.21
"Song 1636","Artist 46","Electronic",2017,51,0.68,0.74,-14.68,0.75,0.69,0.88,85.53,4.24
"Song 1637","Artist 29","R&B",2020,42,0.87,0.62,-9.63,0.16,0.36,0.52,118.56,5.86
"Song 1638","Artist 51","Hip-Hop",2015,60,0.82,0.49,-5.38,0.12,0.44,0.81,98.36,5.87
"Song 1639","Artist 32","Rock",2020,40,0.59,0.61,-13.69,0.81,0.21,0.4,122.46,3.7
"Song 1640","Artist 1","Rock",2022,25,0.96,0.48,-10.3,0.35,0.44,0.57,70.22,2.14
"Song 1641","Artist 34","Rock",2021,56,0.85,0.64,-5.91,0.03,0.44,0.66,152.25,4.43
"Song 1642","Artist 79","Country",2023,98,0.21,0.42,-7.39,0.82,0.56,0.82,83.59,2.29
"Song 1643","Artist 10","Rock",2015,36,0.72,0.36,-13.26,0.41,0.13,0.55,166.66,6
"Song 1644","Artist 69","Electronic",2019,22,0.65,0.65,-12.28,0.48,0.09,0.72,78.43,2.87
"Song 1645","Artist 5","Hip-Hop",2023,35,0.73,0.93,-8.2,0.86,0.99,0.11,108.95,2.14
"Song 1646","Artist 55","Electronic",2019,68,0.51,0.32,-13.43,0.06,0.65,0.29,112.43,5.1
"Song 1647","Artist 81","Classical",2025,55,0.9,0.81,-3.46,0.13,0.65,0.89,152.27,5.82
"Song 1648","Artist 2","Jazz",2018,35,0.88,0.82,-14.11,0.91,0.3,0.79,78.93,2.35
"Song 1649","Artist 27","Hip-Hop",2024,66,0.62,0.57,-4.37,0.39,0.77,0.91,157.5,4.29
"Song 1650","Artist 62","Indie",2017,54,0.63,0.81,-12.16,0.47,0.25,0.93,137.43,3.02
"Song 1651","Artist 11","Country",2015,79,0.53,0.77,-2.64,0.43,0.05,0.7,72.64,4
"Song 1652","Artist 64","Hip-Hop",2025,49,0.71,0.6,-9.93,0.48,0.68,0.49,106.57,3.87
"Song 1653","Artist 81","Indie",2023,56,0.93,0.66,-3.4,0.14,0.2,0.26,81.82,4.64
"Song 1654","Artist 63","Pop",2023,95,0.61,0.76,-14.92,0.11,0.15,0.62,119.93,2.41
"Song 1655","Artist 99","Hip-Hop",2016,83,0.82,0.99,-2.84,0.28,0.89,0.87,157.68,3.37
"Song 1656","Artist 42","Classical",2024,79,0.51,0.57,-13.22,0.15,0.2,0.35,160.91,4.66
"Song 1657","Artist 13","Country",2018,33,0.77,0.41,-4.51,0.57,0.41,0.04,92.15,4.32
"Song 1658","Artist 64","Indie",2022,99,1,0.79,-14.17,0.13,0.76,0.47,109.78,5.56
"Song 1659","Artist 57","Metal",2017,63,0.31,0.68,-3.44,0.67,0.92,0.09,104.15,4.19
"Song 1660","Artist 94","Hip-Hop",2018,43,0.26,0.94,-10.78,0.8,0.4,0.67,115.71,5.74
"Song 1661","Artist 31","R&B",2020,23,0.25,0.23,-5.38,0.99,0.89,0.82,147.82,5.14
"Song 1662","Artist 51","Rock",2022,100,0.31,0.24,-14.54,0.74,0.31,0.42,126.47,3.44
"Song 1663","Artist 98","Metal",2021,66,0.21,0.39,-3.83,0.64,0.87,0.43,104.57,3.84
"Song 1664","Artist 17","Pop",2016,54,0.72,0.52,-9.95,0.49,0.52,0.86,177.38,4.07
"Song 1665","Artist 73","Jazz",2022,36,0.67,0.54,-5.8,0.86,0.53,0.23,178.92,3.3
"Song 1666","Artist 50","Metal",2025,39,0.48,0.74,-2.65,0.03,0.18,0.39,95.56,5.16
"Song 1667","Artist 73","R&B",2017,46,0.76,0.56,-7.93,0.89,0.16,0.49,72.03,3.26
"Song 1668","Artist 62","Rock",2015,72,0.66,0.33,-10.23,0.28,0.74,0.28,99.72,4.96
"Song 1669","Artist 59","Indie",2020,25,0.62,0.67,-12.69,0.56,0.83,0.66,125.28,4.54
"Song 1670","Artist 58","Classical",2023,23,0.29,0.44,-5.89,0.81,0.13,0.91,143.79,5.36
"Song 1671","Artist 86","Indie",2022,74,0.31,0.31,-14.14,0.41,0.24,0.03,157.76,4.92
"Song 1672","Artist 47","Metal",2018,25,0.73,0.52,-8.68,0.64,0.45,0.56,106.77,2.26
"Song 1673","Artist 32","Metal",2018,88,0.49,0.36,-13.26,0.36,0.11,0.44,160.96,5.13
"Song 1674","Artist 66","Jazz",2024,30,0.57,0.89,-9.44,0.83,0.69,0.64,131.71,5.6
"Song 1675","Artist 1","Pop",2016,28,0.22,0.57,-13.53,0.87,0.49,0.81,150.78,4.99
"Song 1676","Artist 18","Indie",2017,44,0.22,0.62,-14.47,0.78,0.33,0.84,106.66,5.21
"Song 1677","Artist 71","Rock",2020,95,0.46,0.42,-11.91,0.63,0.87,0.64,71.16,3.06
"Song 1678","Artist 91","Electronic",2020,76,0.52,0.23,-3.31,0.14,0.85,0.72,117.02,3.84
"Song 1679","Artist 71","Electronic",2019,68,0.55,0.48,-13.03,0.52,0.37,0.02,97.77,3.5
"Song 1680","Artist 36","Electronic",2016,38,0.23,0.8,-2.39,0.01,0.72,0.4,125.48,4.71
"Song 1681","Artist 69","Electronic",2024,41,0.35,0.32,-3.91,0.58,0.08,0.57,111.87,5.57
"Song 1682","Artist 75","Country",2025,35,0.55,0.61,-4.18,0.03,0.2,0.42,83.62,4.38
"Song 1683","Artist 27","Classical",2021,87,0.6,0.85,-9.79,0.32,0.76,0.13,85.36,5.13
"Song 1684","Artist 95","Electronic",2017,71,0.58,0.53,-11.44,0.57,0.32,0.86,169.01,4.28
"Song 1685","Artist 42","R&B",2025,85,0.43,0.8,-12.25,0.66,0.52,0.43,177.33,2.37
"Song 1686","Artist 75","Pop",2020,51,0.24,0.63,-7.5,0.73,0.98,0.76,117.63,4.28
"Song 1687","Artist 28","Electronic",2017,45,0.35,0.23,-9.92,0.93,0.13,0.95,75.39,3.54
"Song 1688","Artist 33","Country",2025,75,0.88,0.62,-14.04,0.77,0.94,0.6,162.55,2.83
"Song 1689","Artist 32","R&B",2021,36,0.98,0.41,-9.22,0.81,0.2,0.97,73.6,4.79
"Song 1690","Artist 87","Jazz",2022,80,0.65,0.81,-7.19,0.4,0.99,0.5,169.97,5.15
"Song 1691","Artist 85","Metal",2023,75,0.49,0.23,-9.27,0.59,0.31,0.43,97.66,3.9
"Song 1692","Artist 44","Hip-Hop",2022,51,0.54,0.23,-11.21,0.13,0.99,0.39,142.57,4.24
"Song 1693","Artist 62","Rock",2015,94,0.87,0.69,-3.05,0.04,0.89,0.46,125.33,5.96
"Song 1694","Artist 37","Classical",2021,57,0.86,0.5,-13.49,0.29,0.83,0.87,106.03,3.17
"Song 1695","Artist 96","R&B",2016,23,0.21,0.48,-11.44,0.28,0.15,0.09,78.47,5.8
"Song 1696","Artist 40","Metal",2020,25,0.58,0.21,-9.57,1,0.38,0.71,113.76,2.01
"Song 1697","Artist 79","Pop",2019,57,0.55,0.49,-7.53,0.81,0.04,0.76,107.47,3.77
"Song 1698","Artist 96","Jazz",2022,20,0.32,0.57,-5.17,0.03,0.01,0.72,78.21,3.96
"Song 1699","Artist 71","Jazz",2022,58,0.33,0.48,-13.07,0.92,0.18,0.96,78.61,2.5
"Song 1700","Artist 14","R&B",2024,63,0.89,0.61,-3.3,0.64,0.65,0.15,132.19,4.27
"Song 1701","Artist 56","Metal",2018,60,0.85,0.59,-11.15,0.06,0.04,0.39,163.76,5.97
"Song 1702","Artist 48","Hip-Hop",2020,63,0.76,0.58,-9.35,0.54,0.08,0.21,142.52,5.64
"Song 1703","Artist 89","Pop",2022,47,0.47,0.51,-10.87,0.29,0.22,0.03,86.39,4.64
"Song 1704","Artist 3","Classical",2017,77,0.32,0.71,-3.09,0.49,0.4,0.57,151.59,2.2
"Song 1705","Artist 23","Metal",2016,44,0.98,0.46,-7.46,0.12,0.53,0.38,117.54,3.11
"Song 1706","Artist 75","Jazz",2015,62,0.77,0.41,-3.71,0.83,0.26,0.51,112.1,3.64
"Song 1707","Artist 61","R&B",2015,36,0.71,0.53,-5.39,0.06,0.75,0.12,131.4,5.44
"Song 1708","Artist 95","R&B",2024,84,0.76,0.64,-10.73,0.68,0.13,0.55,77.94,5.72
"Song 1709","Artist 62","Electronic",2021,32,0.95,0.2,-5.21,0.01,0.78,0.12,173.5,5.23
"Song 1710","Artist 67","Hip-Hop",2016,44,0.61,0.56,-13.86,0.39,0.86,0.63,101.92,4.59
"Song 1711","Artist 8","Hip-Hop",2017,82,0.29,0.4,-8.06,0.4,0.36,0.21,157.75,3.41
"Song 1712","Artist 60","Country",2019,91,0.82,0.95,-13.57,0.49,0.35,0.86,87.76,4.05
"Song 1713","Artist 91","R&B",2018,62,0.4,0.34,-13.15,0.14,0.64,0.04,99.82,5.21
"Song 1714","Artist 91","Indie",2025,56,0.99,0.54,-3.69,0.79,0.16,0.64,137.77,4.75
"Song 1715","Artist 49","Pop",2023,35,0.88,0.61,-2.11,0.05,0.67,0.27,164.36,5.43
"Song 1716","Artist 89","R&B",2024,29,0.87,0.33,-5.46,0.06,0.27,0.9,93.73,4.76
"Song 1717","Artist 28","Metal",2017,37,0.96,0.73,-13.6,0.78,0.5,0.3,155.37,5.08
"Song 1718","Artist 28","Rock",2021,30,0.99,0.25,-11.8,0.63,0.38,0.49,98.11,5.93
"Song 1719","Artist 77","Hip-Hop",2018,43,0.36,0.52,-13.49,0.83,0.68,0.54,94.21,4.16
"Song 1720","Artist 79","Metal",2022,65,0.96,0.65,-14.49,0.04,0.67,0.44,146.08,4.32
"Song 1721","Artist 44","Jazz",2018,87,0.39,0.23,-4.15,0.86,0.38,0.72,79.63,5.34
"Song 1722","Artist 51","Classical",2015,55,0.45,0.61,-12.41,0.76,0.2,0.16,176.97,4.83
"Song 1723","Artist 51","R&B",2017,64,0.8,0.57,-11.88,0.74,0.22,0.01,163.44,3.4
"Song 1724","Artist 31","Classical",2025,46,0.65,0.77,-6.57,0.28,0.54,0.55,74.37,2.39
"Song 1725","Artist 77","Hip-Hop",2024,97,0.23,0.62,-6.64,0.43,0.81,0.48,157.28,2.82
"Song 1726","Artist 41","Classical",2018,39,0.36,0.62,-7.73,0.74,0.46,0.15,128.19,4.41
"Song 1727","Artist 75","Metal",2021,67,0.58,0.51,-6.84,0.63,0.3,0.87,95.87,3.82
"Song 1728","Artist 57","Rock",2020,29,0.68,0.23,-12.66,0.45,0.35,0.96,89.36,2.14
"Song 1729","Artist 46","Pop",2025,22,0.48,0.9,-5.89,0.32,0.73,0.2,133.84,2.1
"Song 1730","Artist 51","Hip-Hop",2025,25,0.55,0.55,-6.21,0.87,0.28,0.01,98.47,5.34
"Song 1731","Artist 60","Indie",2017,42,0.95,0.5,-14.33,0.57,0.91,0.98,73.02,5.98
"Song 1732","Artist 62","Hip-Hop",2025,62,0.74,0.95,-12.9,0.99,0.06,0.01,158.38,4.45
"Song 1733","Artist 55","Hip-Hop",2021,86,0.51,0.65,-2.97,0.07,0.12,0.8,138.6,4.57
"Song 1734","Artist 22","Indie",2023,92,0.52,0.59,-5.95,0.07,0.4,0.32,130.24,5
"Song 1735","Artist 24","Metal",2024,54,0.86,0.63,-5.84,0.74,0.8,0.77,133.73,4.32
"Song 1736","Artist 12","R&B",2023,85,0.46,0.6,-12.52,0.43,0.5,0.44,157.53,4.58
"Song 1737","Artist 44","Country",2017,77,0.59,0.29,-3.14,0.97,0.33,0.47,124.86,5.44
"Song 1738","Artist 90","R&B",2020,63,0.48,0.88,-9.31,1,0.72,0.03,159.92,3.39
"Song 1739","Artist 20","Pop",2021,47,0.23,0.45,-14.45,0.46,0.65,0.44,170.56,4.53
"Song 1740","Artist 100","Hip-Hop",2023,43,0.78,0.45,-2.73,0.32,0.23,0.48,170.75,5.99
"Song 1741","Artist 61","Classical",2023,42,0.59,0.36,-11.11,0.56,0.4,0.84,163.07,3.61
"Song 1742","Artist 92","Classical",2022,67,0.33,0.92,-10.36,0.32,0.29,0.1,176.24,5.3
"Song 1743","Artist 80","Jazz",2018,94,0.68,0.26,-11.68,0.82,0.71,0.27,175.81,4.91
"Song 1744","Artist 49","Pop",2024,73,0.35,0.69,-11.57,0.38,0.31,0.38,79.2,4.94
"Song 1745","Artist 44","Classical",2018,71,0.51,0.63,-12.47,0.6,0.61,0.15,124.82,5.82
"Song 1746","Artist 66","Hip-Hop",2020,21,0.29,0.42,-3.46,0.92,0.04,0.57,81.92,4.31
"Song 1747","Artist 37","Country",2020,73,0.77,0.86,-11.44,0.64,0.11,0.98,101.83,2.92
"Song 1748","Artist 19","Jazz",2020,95,0.23,0.43,-13.6,0.14,0.43,0.95,104.96,5.36
"Song 1749","Artist 77","Rock",2017,77,0.3,0.48,-5.04,0.5,0.51,0.12,161.61,4.92
"Song 1750","Artist 94","Indie",2015,71,0.83,0.67,-7.82,0.22,0.7,0.35,85.31,4.18
"Song 1751","Artist 56","Pop",2025,47,0.71,0.55,-4.02,0.38,0.1,0.98,70.03,4.34
"Song 1752","Artist 5","Electronic",2022,58,0.88,0.49,-2.14,0.23,0.03,0.08,84.82,5.19
"Song 1753","Artist 71","Metal",2016,46,0.3,0.82,-10.59,0.16,0.17,0.81,77.4,3.43
"Song 1754","Artist 16","Electronic",2019,52,0.65,0.49,-4.58,0.67,0.82,0.7,151.16,3.11
"Song 1755","Artist 83","Metal",2019,89,0.63,0.8,-9.97,0.5,0.63,0.19,113.44,5.44
"Song 1756","Artist 56","Electronic",2022,37,0.57,0.47,-12.01,0.12,0.99,0.69,120.34,3.63
"Song 1757","Artist 26","Rock",2018,57,0.56,0.43,-10.03,0.38,0.93,0.2,155.38,3.44
"Song 1758","Artist 45","Jazz",2025,63,0.81,0.85,-5.46,0.86,0.44,0.66,137.15,3.46
"Song 1759","Artist 38","Metal",2015,72,0.99,0.31,-8.53,0.71,0.08,0.38,168.81,2.25
"Song 1760","Artist 10","Jazz",2024,95,0.43,0.48,-3.54,0.27,0.16,0.5,117.11,4.2
"Song 1761","Artist 40","Metal",2017,40,0.51,0.96,-14.82,0.3,0.08,0.46,87.53,5.82
"Song 1762","Artist 10","R&B",2018,94,0.82,0.53,-9.77,0.14,0.68,0.63,102.45,5.22
"Song 1763","Artist 38","Country",2022,57,0.57,0.34,-2.77,0.38,0.34,0.02,123.49,3.15
"Song 1764","Artist 91","Hip-Hop",2021,37,0.76,0.25,-7.13,0.13,0.12,0.22,157.17,2.02
"Song 1765","Artist 51","R&B",2019,38,0.35,0.81,-14.16,0.96,0.38,0.74,86.86,5.22
"Song 1766","Artist 29","Pop",2016,29,0.22,0.46,-13.33,0.13,0.93,0.25,92.56,2.44
"Song 1767","Artist 94","Classical",2017,44,0.34,0.82,-7.13,0.06,0.52,0.38,126.21,2.24
"Song 1768","Artist 87","Electronic",2016,22,0.72,0.65,-3.91,0.01,0.32,0.39,178.15,5.04
"Song 1769","Artist 54","Electronic",2015,47,0.26,0.9,-7.54,0.12,0.79,0.47,167.13,3.8
"Song 1770","Artist 85","Jazz",2016,26,0.42,0.87,-3.44,0.66,0.62,0.57,170.52,2.47
"Song 1771","Artist 66","Classical",2020,38,0.58,0.99,-11.53,0.23,0.12,0.96,122.03,3.37
"Song 1772","Artist 87","Country",2016,88,0.36,0.83,-14.04,0.47,0.65,0.49,92.17,4.55
"Song 1773","Artist 64","Rock",2024,93,0.47,0.75,-5.35,0.3,1,0.48,132.05,5.13
"Song 1774","Artist 19","Metal",2021,46,0.82,0.86,-13.61,0.78,0.93,0.23,86.32,2.09
"Song 1775","Artist 19","Classical",2016,58,0.74,0.68,-3.71,0.57,0.82,0.9,155.14,5.84
"Song 1776","Artist 77","Pop",2023,42,0.75,0.34,-10.23,0.36,0.88,0.86,137.68,2.03
"Song 1777","Artist 33","Metal",2021,82,0.67,0.51,-11.9,0.47,0.6,0.09,118.75,5.41
"Song 1778","Artist 38","R&B",2016,97,0.9,0.51,-12.86,0.22,0.17,0.81,164.11,2.79
"Song 1779","Artist 64","Classical",2025,62,0.65,0.85,-6.42,0.86,0.35,0.9,108.24,3.69
"Song 1780","Artist 37","Country",2024,42,0.96,0.99,-11.75,0.73,0.26,0.97,86.97,2.86
"Song 1781","Artist 71","Jazz",2024,22,0.32,0.29,-5.22,0.19,0.05,0.33,103.77,3.32
"Song 1782","Artist 26","Hip-Hop",2017,87,0.77,0.45,-13.79,0.69,0.01,0.77,120.45,3.9
"Song 1783","Artist 81","Classical",2021,53,0.22,0.77,-10.71,0.58,0.29,0.06,81.87,5.02
"Song 1784","Artist 47","Rock",2018,98,0.31,0.48,-12.48,0.3,0.93,0.88,119.39,3.59
"Song 1785","Artist 37","Classical",2022,23,0.31,0.65,-11.59,0.03,0.6,0.26,80.36,2.91
"Song 1786","Artist 32","Metal",2015,31,0.81,0.75,-2.71,0.04,0.4,0.94,124.28,4.31
"Song 1787","Artist 45","Indie",2020,24,0.75,0.46,-13.22,0.37,0.21,0.05,73.81,3.26
"Song 1788","Artist 40","Metal",2023,52,0.6,0.78,-14.72,0.06,0.55,0.03,74.16,3.78
"Song 1789","Artist 97","Metal",2017,32,0.21,0.52,-7.92,0.3,0.29,0.95,90.24,5.52
"Song 1790","Artist 36","Metal",2021,43,0.34,0.39,-14.86,0.39,0.58,0.32,120.42,5.15
"Song 1791","Artist 56","Hip-Hop",2019,44,0.28,0.5,-14.5,0.91,0.46,0.67,167.34,3.76
"Song 1792","Artist 50","Pop",2018,28,0.57,0.29,-6.71,0.97,0.93,0.12,141.56,5.29
"Song 1793","Artist 68","Hip-Hop",2023,62,0.42,0.52,-8.4,0.46,0.23,0.36,147.37,3.63
"Song 1794","Artist 40","Indie",2022,75,0.41,0.4,-5.66,0.57,0.38,0.82,177.33,4.51
"Song 1795","Artist 28","Country",2018,74,0.31,0.72,-2.66,0.81,0.11,0.28,97.78,5.73
"Song 1796","Artist 56","Metal",2016,93,0.34,0.62,-13.66,0.03,0.35,0.05,140.43,3.15
"Song 1797","Artist 85","Indie",2020,24,0.32,0.32,-14.33,0.83,0.51,0.67,100.76,3.24
"Song 1798","Artist 54","Classical",2021,80,0.31,0.28,-3.3,0.24,0.07,0.09,123.33,4.64
"Song 1799","Artist 55","Metal",2025,36,0.22,0.56,-8.55,0.21,0.24,0.25,166.72,2.91
"Song 1800","Artist 87","Pop",2020,95,0.58,0.6,-10.21,0.09,0.64,0.43,171.47,5.64
"Song 1801","Artist 36","Pop",2024,63,0.83,0.6,-13.42,0.21,0.13,0.81,85.31,2.64
"Song 1802","Artist 82","Pop",2015,82,0.25,0.85,-14.58,0.68,0.51,0.53,164.63,3.47
"Song 1803","Artist 46","Classical",2024,96,0.3,0.94,-11.87,0.51,0.55,0.05,167.79,5.28
"Song 1804","Artist 28","R&B",2016,51,0.22,0.8,-11.88,0.12,0.61,0.78,144.61,3.71
"Song 1805","Artist 95","Indie",2020,68,0.52,0.98,-5.85,0.97,0.11,0.72,121.19,4.15
"Song 1806","Artist 12","Classical",2017,86,0.87,0.6,-14.24,0.87,0.02,0.39,155.12,4.18
"Song 1807","Artist 11","Rock",2023,56,0.7,0.31,-4.87,0.42,0.66,0.21,76.79,4.56
"Song 1808","Artist 88","Pop",2020,86,0.58,0.22,-14.45,0.63,0.89,0.88,96.47,4.55
"Song 1809","Artist 30","Electronic",2021,41,0.21,0.54,-3.43,0.57,0.43,0.12,82.95,4.02
"Song 1810","Artist 11","Jazz",2018,55,0.66,0.91,-7.62,1,0.13,0.01,106.56,3.59
"Song 1811","Artist 88","Country",2025,47,0.34,0.76,-11.75,0.18,0.41,0.24,81.93,2.94
"Song 1812","Artist 17","Pop",2015,89,0.97,0.85,-4.88,0.28,0.04,0.83,145.13,5.07
"Song 1813","Artist 23","Electronic",2020,22,0.75,0.97,-6.16,0.05,0.07,0.9,87.59,3.96
"Song 1814","Artist 98","Country",2016,50,0.31,0.44,-13.86,0.41,0.65,0.28,178.39,5.34
"Song 1815","Artist 74","Classical",2019,70,0.87,0.62,-2.08,0.25,0.23,0.11,177.2,4.61
"Song 1816","Artist 54","Metal",2020,56,0.98,0.92,-8.38,0.79,0.21,0.16,101.08,2.04
"Song 1817","Artist 4","Electronic",2023,41,0.76,0.42,-13.25,0.07,0.9,0.66,153.48,5.44
"Song 1818","Artist 70","Country",2023,47,0.74,0.72,-9.15,0.64,0.96,0.06,87.79,3.49
"Song 1819","Artist 74","Rock",2021,58,0.65,0.28,-6.29,0.56,0.18,0.68,163.61,5.3
"Song 1820","Artist 83","Electronic",2015,25,0.59,0.67,-2.97,0.22,0.36,0.94,150,4.94
"Song 1821","Artist 41","Pop",2022,56,0.23,0.69,-9.26,0.3,0.28,0.86,148.04,5.92
"Song 1822","Artist 92","Jazz",2025,34,0.93,0.58,-13.06,0.73,0.13,0.28,128.32,2.48
"Song 1823","Artist 48","R&B",2015,43,0.24,0.69,-14.5,0.63,0.51,0.78,107.02,2.16
"Song 1824","Artist 73","Hip-Hop",2023,76,0.55,0.89,-13.26,0.41,0.19,0.61,138.69,2.97
"Song 1825","Artist 7","Classical",2021,90,0.92,0.54,-9.98,0.24,0.18,0.75,131.71,4.92
"Song 1826","Artist 51","Country",2018,65,0.32,0.54,-13.9,0.37,0.59,0.74,118.47,4.91
"Song 1827","Artist 24","Electronic",2023,52,0.63,0.81,-2.79,0.16,0.97,0.49,113.71,2.54
"Song 1828","Artist 82","Country",2017,77,0.35,0.74,-5.71,0.1,0.9,0.49,169.4,3.11
"Song 1829","Artist 88","Pop",2016,55,0.6,0.9,-2.59,0.1,0.29,0.53,104.38,3.58
"Song 1830","Artist 72","Electronic",2017,55,0.49,0.44,-6.2,0.24,0.44,0.5,139,4.83
"Song 1831","Artist 64","Country",2016,66,0.83,0.21,-11.77,0.43,0.64,0.3,150.2,4.59
"Song 1832","Artist 60","Classical",2023,46,0.24,0.8,-11.66,0.97,0.19,0.82,107.82,3.45
"Song 1833","Artist 16","Electronic",2016,82,0.61,0.73,-10.55,0.71,0.69,0.58,130.22,4.27
"Song 1834","Artist 47","Classical",2024,58,0.39,0.6,-11.64,0.19,0.34,0.42,83.92,3.68
"Song 1835","Artist 82","Country",2020,38,0.25,0.91,-8.78,0.09,0.48,0.35,75.96,2.83
"Song 1836","Artist 29","Metal",2023,79,0.71,0.49,-13.34,0.48,0.71,0.86,166.43,3.74
"Song 1837","Artist 61","Hip-Hop",2016,33,1,0.4,-7.33,0.09,0.14,0.24,123.7,5.13
"Song 1838","Artist 62","Country",2025,39,0.31,0.23,-7.11,0.1,0.28,0.29,121.2,2.13
"Song 1839","Artist 25","Rock",2023,48,0.32,0.8,-2.06,0.37,0.89,0.75,90.18,2.85
"Song 1840","Artist 80","R&B",2021,43,0.78,0.25,-2.77,0.23,0.47,0.2,105.68,3.16
"Song 1841","Artist 69","Classical",2018,55,0.49,0.45,-3.27,0.23,0.78,0.33,116.16,4.9
"Song 1842","Artist 23","Country",2023,51,0.58,0.51,-10.76,0.94,0.62,0.01,151.28,4.04
"Song 1843","Artist 67","R&B",2023,72,0.79,0.99,-2.19,0.65,0.77,0.81,150.25,2.95
"Song 1844","Artist 70","Pop",2025,34,0.45,0.32,-4.21,0.81,0.14,0.55,123.76,4.07
"Song 1845","Artist 89","Hip-Hop",2016,27,0.45,0.22,-9.96,0.88,0.08,0.46,87.51,2.92
"Song 1846","Artist 19","Indie",2023,21,0.29,0.84,-10.48,0.55,0.64,0.94,74.41,5
"Song 1847","Artist 11","Electronic",2018,97,0.62,0.33,-8.97,0.9,0.16,0.74,166.48,5.73
"Song 1848","Artist 12","Hip-Hop",2019,51,0.51,0.7,-6.04,0.47,0.42,0.79,159.93,4.63
"Song 1849","Artist 97","Classical",2016,45,0.96,0.85,-9,0.14,0.92,0.05,75.05,5.32
"Song 1850","Artist 62","Electronic",2018,98,0.51,0.41,-2.6,0.08,0.59,0.35,173.86,3.13
"Song 1851","Artist 72","Classical",2025,25,0.54,0.78,-6.28,0.38,0.36,0.34,131.59,2.65
"Song 1852","Artist 71","Electronic",2022,61,0.89,0.47,-10.8,0.67,0.24,0.99,158.77,4.31
"Song 1853","Artist 79","Country",2017,51,0.26,0.23,-7.59,0.17,0.25,0.13,112.29,3.69
"Song 1854","Artist 99","Hip-Hop",2017,25,0.51,0.67,-3.64,0.94,0.43,0.07,124.77,3.45
"Song 1855","Artist 7","R&B",2021,67,0.77,0.46,-2.02,0.1,0.16,0.46,132.94,2.86
"Song 1856","Artist 13","Electronic",2018,36,0.84,0.47,-13.7,0.55,0.28,0.59,90.67,3.55
"Song 1857","Artist 84","Country",2017,42,0.72,0.77,-10.36,0.7,0.56,0.33,152.54,2
"Song 1858","Artist 73","Classical",2020,27,0.99,0.75,-5.43,0.35,0.15,0.46,120.17,4.55
"Song 1859","Artist 12","Electronic",2022,82,0.72,0.89,-7.79,0.1,0.85,0.87,73.5,4.38
"Song 1860","Artist 78","Jazz",2021,32,0.32,0.61,-11.63,0.19,0.59,0.88,102.02,5.79
"Song 1861","Artist 92","Country",2023,88,0.72,0.6,-11.24,0.82,0.34,0.43,153.44,3.23
"Song 1862","Artist 73","R&B",2019,42,0.5,0.74,-9.54,0.62,0.38,0.11,174.59,2.42
"Song 1863","Artist 96","R&B",2021,99,0.3,0.79,-7.55,0.24,0.01,0.08,76.45,2.8
"Song 1864","Artist 36","R&B",2021,86,0.83,0.58,-8.61,0.56,0.01,0.26,151.6,2.99
"Song 1865","Artist 83","Metal",2022,36,0.95,0.5,-7.38,0.71,0.96,0.55,82.81,5.01
"Song 1866","Artist 34","Indie",2015,67,0.92,0.91,-7.18,0.15,0.72,0.06,152.25,2.17
"Song 1867","Artist 61","Metal",2019,98,0.25,0.88,-9.43,0.13,0.55,0.32,158.69,2.39
"Song 1868","Artist 56","Pop",2020,82,0.66,0.94,-4.37,0.99,0.26,0.81,133.57,5.12
"Song 1869","Artist 76","Metal",2017,87,0.53,0.79,-6.55,0.68,0.9,0.93,125.98,5.87
"Song 1870","Artist 14","Indie",2022,85,0.25,0.63,-11.78,0.22,0.51,0.24,125.41,3.65
"Song 1871","Artist 74","Metal",2020,51,0.64,0.32,-14.63,0.38,0.94,0.52,166.19,3.82
"Song 1872","Artist 16","R&B",2020,24,0.47,0.46,-6.02,0.26,0.7,0.44,179.06,2.46
"Song 1873","Artist 98","Country",2018,64,0.52,0.22,-4.44,0.12,0.67,0.09,90.93,2.46
"Song 1874","Artist 74","Classical",2017,20,0.36,0.68,-3.3,0.12,0.16,0.21,114.38,5.82
"Song 1875","Artist 66","Rock",2022,69,0.85,0.59,-3.3,0.99,0.89,0.05,94.63,5.68
"Song 1876","Artist 21","Rock",2015,29,0.51,0.25,-8.12,0.22,0.04,0.29,163.2,4.52
"Song 1877","Artist 8","Classical",2019,42,0.27,0.82,-12.91,0.67,0.39,0.68,149.3,2.89
"Song 1878","Artist 33","Country",2017,49,0.66,0.78,-14.57,0.6,0.25,0.19,100.44,5.14
"Song 1879","Artist 97","Metal",2016,33,0.55,0.75,-3.87,0.55,0.58,0.32,110.6,4
"Song 1880","Artist 79","Jazz",2018,78,0.48,0.48,-14.37,0.51,0.69,0.7,123.44,4.64
"Song 1881","Artist 88","Country",2021,25,0.35,0.77,-11.75,0.76,0.17,0.92,109.1,4.85
"Song 1882","Artist 18","Pop",2018,93,1,0.57,-13.79,0.04,0.34,0.05,144.51,3.22
"Song 1883","Artist 99","Classical",2025,74,0.35,0.53,-8.84,0.86,0.15,0.18,92.07,2.69
"Song 1884","Artist 16","Hip-Hop",2022,72,0.65,0.8,-6.76,0.91,0.14,0.06,81.35,4.46
"Song 1885","Artist 4","Rock",2016,76,0.32,0.21,-3.95,0.31,0.2,0.45,97.44,2.21
"Song 1886","Artist 39","Jazz",2025,70,0.37,0.81,-14.74,0.53,0.85,0.43,109.83,5.46
"Song 1887","Artist 98","Indie",2025,48,1,0.38,-6.92,0.25,0.41,0.9,162.13,5.53
"Song 1888","Artist 62","Metal",2015,61,0.58,0.63,-4.68,0.29,0.45,0.81,124.52,4.62
"Song 1889","Artist 92","Indie",2017,61,0.79,0.62,-13.2,0.14,0.6,0.14,111.23,4.47
"Song 1890","Artist 36","Country",2024,32,0.38,0.58,-7.11,0.44,0.96,0.77,104.06,2.81
"Song 1891","Artist 83","Classical",2018,43,0.32,0.49,-2.54,0.04,0.78,0.37,164.13,2.61
"Song 1892","Artist 23","Electronic",2015,29,0.88,0.23,-3.5,0.8,0.77,0.29,145.07,5.65
"Song 1893","Artist 72","Classical",2021,41,0.52,0.69,-2.75,0.38,0.11,0.62,100.26,2.99
"Song 1894","Artist 19","R&B",2025,41,0.67,0.93,-5.58,0.31,0.24,0.27,141.88,3.21
"Song 1895","Artist 71","R&B",2021,85,0.86,0.61,-13.55,0.69,0.74,0.88,142.99,3.25
"Song 1896","Artist 76","Classical",2024,77,0.29,0.78,-8.87,0.63,0.58,0.21,114.8,5.38
"Song 1897","Artist 66","Hip-Hop",2024,68,0.62,0.24,-9.09,0.11,0.51,0.03,111.86,5.43
"Song 1898","Artist 18","Rock",2019,24,0.68,0.99,-12.02,0.66,0.05,0.62,155.95,2.27
"Song 1899","Artist 57","Indie",2020,32,0.64,0.68,-7.03,0.25,0.76,0.73,164.32,5.99
"Song 1900","Artist 48","Metal",2023,30,0.52,0.51,-8.97,0.73,0.96,0.98,131.22,4.37
"Song 1901","Artist 23","Classical",2025,84,0.41,0.39,-12.9,0.55,0.42,0.45,122.66,2.15
"Song 1902","Artist 11","Hip-Hop",2022,65,0.47,0.85,-14.81,0.63,0.43,0.77,124.17,5
"Song 1903","Artist 2","Country",2022,77,0.36,0.95,-6.98,0.28,0.01,0.84,158.79,5.55
"Song 1904","Artist 46","Country",2015,85,0.79,0.51,-3.04,0.61,0.51,0.62,123.67,3.73
"Song 1905","Artist 89","Jazz",2019,34,0.64,0.9,-5.28,0.6,0.83,0.99,88.74,4.84
"Song 1906","Artist 89","Classical",2024,80,0.74,0.38,-6.01,0.87,0.3,0.63,132.1,4.04
"Song 1907","Artist 17","Country",2020,65,0.55,0.65,-4.26,0.12,0.73,0.01,164.88,3.16
"Song 1908","Artist 22","Rock",2015,63,0.81,0.5,-3,0.68,0.41,0.83,114.25,2.43
"Song 1909","Artist 77","Pop",2016,90,0.97,0.33,-9.69,0.22,0.2,0.28,108.39,3.25
"Song 1910","Artist 86","R&B",2021,72,0.48,0.81,-2.46,0.54,0.14,0.75,173.21,4
"Song 1911","Artist 25","Classical",2021,98,0.25,0.82,-4.79,0.16,0.47,0.56,139.41,4.16
"Song 1912","Artist 55","R&B",2017,71,0.75,0.41,-13.1,0.8,0.35,0.8,90.77,4.01
"Song 1913","Artist 73","Metal",2019,85,0.62,0.91,-7.91,0.7,0.03,0.27,116.37,4.35
"Song 1914","Artist 60","Classical",2019,44,0.63,0.82,-4.02,0.56,0.65,0.98,129.06,2.59
"Song 1915","Artist 35","R&B",2021,60,0.67,0.76,-12.01,0.06,0.88,0.37,90.56,4.44
"Song 1916","Artist 88","Hip-Hop",2023,83,0.2,0.76,-2.69,0.23,0.38,0.73,129.54,3.48
"Song 1917","Artist 42","Rock",2018,80,0.63,0.73,-9.91,0.09,0.79,0.81,99.96,2.38
"Song 1918","Artist 76","Jazz",2018,77,0.58,0.92,-9.89,0.65,0.71,0.87,175.85,5.78
"Song 1919","Artist 15","Rock",2025,33,0.62,0.81,-2.39,0.78,0.75,0.08,71.05,3.37
"Song 1920","Artist 15","Electronic",2025,26,0.46,0.24,-10.67,0.77,0.08,0.74,118.96,2.1
"Song 1921","Artist 36","Electronic",2020,76,0.46,0.84,-6.6,0.64,0.54,0.28,93.16,5.29
"Song 1922","Artist 25","R&B",2022,96,0.57,0.95,-3.15,0.3,0.95,0.85,156.44,2.16
"Song 1923","Artist 41","Classical",2019,89,0.33,0.9,-10.55,0.53,0.46,0.41,169.23,4.66
"Song 1924","Artist 5","Hip-Hop",2020,82,0.67,0.21,-4.94,0.65,0.14,0.76,70.78,5.71
"Song 1925","Artist 78","R&B",2023,99,0.31,0.83,-12.22,0.26,0.29,0.98,104.93,3.7
"Song 1926","Artist 81","Metal",2015,31,0.32,0.74,-8.11,0.03,0.24,0.87,80.46,3.03
"Song 1927","Artist 2","Indie",2021,77,0.66,0.66,-10.02,0.7,0.42,0.83,106.67,3.61
"Song 1928","Artist 51","Hip-Hop",2016,97,0.33,0.66,-10.16,0.8,0.23,0.31,110.09,5.64
"Song 1929","Artist 88","Rock",2015,49,0.87,0.2,-11.83,0.66,0.04,0.41,92.32,2.57
"Song 1930","Artist 75","Electronic",2017,84,0.77,0.69,-10.85,0.71,0.06,0.43,97.98,5.99
"Song 1931","Artist 33","Country",2017,45,0.87,0.31,-12.12,0.63,0.54,0.07,139.54,3.1
"Song 1932","Artist 7","Electronic",2016,28,0.45,0.34,-13.03,0.58,0.25,0.44,71.03,4.47
"Song 1933","Artist 15","Indie",2020,42,0.64,0.47,-14.34,0.81,0.22,0.33,145.88,2.28
"Song 1934","Artist 90","Electronic",2021,51,0.37,0.89,-5.16,0.32,0.87,0.48,160.76,2.4
"Song 1935","Artist 87","Classical",2021,87,0.61,0.98,-7.34,0.14,0.13,0.4,117.3,2.95
"Song 1936","Artist 11","R&B",2016,24,0.65,0.66,-9.18,0.06,0.2,0.39,178.53,4.54
"Song 1937","Artist 48","Jazz",2019,27,0.27,0.59,-8.77,0.7,0.51,0.6,122.52,2.47
"Song 1938","Artist 25","Electronic",2021,90,0.54,0.44,-12.91,0.79,0.04,0.33,72.36,5.35
"Song 1939","Artist 10","Country",2021,55,0.52,0.96,-10.68,0.82,0.08,0.84,152.71,5.07
"Song 1940","Artist 98","R&B",2022,35,0.49,0.31,-4.04,0.22,0.35,0.31,106.92,4.29
"Song 1941","Artist 28","Classical",2015,53,0.89,0.55,-2.74,0.96,0.78,0.14,108.59,2.63
"Song 1942","Artist 6","Country",2017,71,0.42,0.66,-9.44,0.94,0.75,0.59,98.4,4.94
"Song 1943","Artist 12","Hip-Hop",2017,66,0.52,0.72,-3.9,0.64,0.01,0,155.2,4.36
"Song 1944","Artist 19","Jazz",2022,52,0.68,0.57,-12.33,0.45,0.95,0.22,143.24,5.22
"Song 1945","Artist 35","R&B",2022,24,0.49,0.46,-9.01,0.46,0.72,0.35,133.45,5.76
"Song 1946","Artist 8","Hip-Hop",2021,39,0.82,0.92,-9.29,0.34,0.05,0.78,78.85,2.46
"Song 1947","Artist 55","Pop",2019,99,0.45,0.25,-6.59,0.29,0.83,0.01,175.02,2.04
"Song 1948","Artist 92","Metal",2020,27,0.76,0.34,-4.09,0.53,0.13,0.83,155.91,3.63
"Song 1949","Artist 48","Country",2025,91,0.56,0.52,-6.39,0.01,0.39,0.16,150.74,3.41
"Song 1950","Artist 2","Indie",2017,33,0.41,0.85,-6.8,0.03,0.26,0.23,144.8,4.37
"Song 1951","Artist 77","Hip-Hop",2018,63,0.27,0.83,-5.27,0.9,0.07,0.72,124.33,5.34
"Song 1952","Artist 53","Rock",2016,74,0.24,0.72,-11.71,0.16,0.9,1,145.19,3.6
"Song 1953","Artist 83","Metal",2021,53,0.78,0.81,-2.22,0.29,0.57,0.94,135,3.64
"Song 1954","Artist 31","R&B",2015,67,0.36,0.31,-5.97,0.78,0.05,0.19,113.59,5.74
"Song 1955","Artist 75","Metal",2017,64,0.59,0.79,-11.18,0.75,0.26,0.91,122.65,3.76
"Song 1956","Artist 75","Country",2024,43,0.29,0.61,-5.58,0.83,0.42,0.9,111.71,5.83
"Song 1957","Artist 29","Pop",2023,56,0.83,0.73,-5.53,0.15,0.18,0.55,173.49,2.84
"Song 1958","Artist 33","Country",2021,95,0.77,0.59,-7.49,0.59,0.68,0.83,127.65,2.18
"Song 1959","Artist 27","Pop",2015,35,0.35,0.42,-10.36,0.45,0.77,0.99,78.77,4.29
"Song 1960","Artist 25","Rock",2020,66,0.82,0.96,-4.92,0.77,0.55,0.2,82.45,2.84
"Song 1961","Artist 72","Pop",2022,23,0.97,0.98,-11.55,0.15,0.15,0.73,77.95,3.17
"Song 1962","Artist 97","Hip-Hop",2025,47,0.86,0.7,-6.79,0.59,0.78,0.75,126.6,4.31
"Song 1963","Artist 92","Jazz",2025,64,0.41,0.4,-13.66,0.17,0.1,0.1,125.62,5.91
"Song 1964","Artist 56","Indie",2019,86,0.61,0.44,-9.07,0.44,0.68,0.46,123.67,4.35
"Song 1965","Artist 40","Metal",2019,25,0.32,0.75,-7.9,0.48,0.8,0.79,73.8,3.61
"Song 1966","Artist 63","Rock",2022,93,0.23,0.87,-12.51,0.43,0.87,0.36,144.04,4.73
"Song 1967","Artist 72","Hip-Hop",2016,87,0.57,0.65,-14.19,0.37,0.91,0.01,149.23,3.42
"Song 1968","Artist 80","Country",2015,98,1,0.56,-10.11,0.29,0.61,0.83,79.5,4.49
"Song 1969","Artist 10","Pop",2018,91,0.2,0.77,-13.18,0.8,0.08,0.86,124.06,5.95
"Song 1970","Artist 15","Classical",2018,25,0.32,0.24,-7.97,0.6,0.17,0.52,173.52,2.82
"Song 1971","Artist 42","Indie",2020,53,0.82,0.56,-7.32,0.81,0.05,0.31,130.29,4.41
"Song 1972","Artist 24","Pop",2020,29,0.6,0.8,-13.22,0.6,0.09,0.9,159.77,3
"Song 1973","Artist 92","Metal",2025,86,0.57,0.28,-13.14,0.83,0.73,0.75,177.59,5.66
"Song 1974","Artist 40","Hip-Hop",2022,80,0.44,0.73,-2.73,0.05,0.2,0.6,176.74,3.42
"Song 1975","Artist 2","Metal",2019,94,0.45,0.86,-4.35,0.95,0.56,0.94,133.33,5.63
"Song 1976","Artist 18","Pop",2018,29,0.42,0.93,-6.09,0.09,0.81,0.46,167.38,5.42
"Song 1977","Artist 75","Metal",2015,74,0.55,0.46,-10.77,0.42,0.94,0.42,137.64,3.26
"Song 1978","Artist 2","R&B",2021,32,0.96,0.53,-14.81,0.64,0.99,0.78,85.28,5.26
"Song 1979","Artist 60","Jazz",2025,54,0.69,0.93,-11.6,0.42,0.88,0.18,151.31,2.83
"Song 1980","Artist 19","Indie",2016,91,0.95,0.65,-11.75,0.5,0.3,0.84,72.93,5.97
"Song 1981","Artist 66","Country",2025,26,0.49,0.22,-9.94,0.08,0.68,0.32,147.63,4.98
"Song 1982","Artist 41","R&B",2021,82,0.22,0.34,-10.77,0.96,0.57,0.79,103.04,2.88
"Song 1983","Artist 87","Classical",2020,68,0.39,0.45,-8.63,0.36,0.51,0.52,96.78,3.23
"Song 1984","Artist 5","Pop",2015,84,0.27,0.7,-8.38,0.41,0.47,0.44,105.76,3.65
"Song 1985","Artist 6","Metal",2016,59,0.27,0.36,-5.15,0.65,0.44,0.48,176.05,3.65
"Song 1986","Artist 81","Electronic",2019,52,0.28,0.5,-4.54,0.16,0.68,0.4,163.93,5.98
"Song 1987","Artist 27","Metal",2021,61,0.72,0.42,-3.57,0.82,0.04,0.23,75.88,4.38
"Song 1988","Artist 12","Pop",2015,83,0.58,0.33,-14.96,0.83,0.11,0.75,74.35,3.98
"Song 1989","Artist 79","Pop",2021,28,0.78,0.69,-8.81,0.4,0.26,0.43,117.14,5.63
"Song 1990","Artist 98","Country",2015,33,0.68,0.59,-8.32,0.95,0.2,0.75,92.05,5.74
"Song 1991","Artist 14","Hip-Hop",2018,64,0.5,0.41,-2.57,0.48,0.29,0.55,134.94,2.16
"Song 1992","Artist 2","Hip-Hop",2025,93,0.76,0.4,-6.83,0.97,0.33,0.73,140.06,4.48
"Song 1993","Artist 80","Country",2017,40,0.94,0.36,-12.04,0.6,0.88,0.67,105.65,2.12
"Song 1994","Artist 15","Rock",2018,92,0.56,0.27,-11.48,0.8,0.71,0.08,92.06,3.44
"Song 1995","Artist 61","Pop",2023,45,0.72,0.48,-4.76,0.02,0.68,0.77,109.66,2.38
"Song 1996","Artist 74","Pop",2025,37,0.78,0.38,-10.62,0.15,1,0.03,177.8,4.92
"Song 1997","Artist 24","Classical",2021,21,0.95,0.94,-4.39,0.98,0.41,0.15,121.08,4.2
"Song 1998","Artist 91","Hip-Hop",2015,51,0.27,0.38,-2.41,0.17,0.74,0.11,86.26,5.27
"Song 1999","Artist 3","R&B",2024,77,0.39,0.63,-14.11,0.04,0.7,0.63,94.52,3.54
"Song 2000","Artist 34","Metal",2025,59,0.22,0.93,-12.48,0.12,0.01,0.33,138.77,3.4
"Song 2001","Artist 43","R&B",2023,28,0.37,0.4,-8.51,0.22,0.56,0.99,111.13,2.49
"Song 2002","Artist 40","Classical",2015,92,0.36,0.71,-10.66,0.73,0.02,0.54,128.36,3.55
"Song 2003","Artist 59","Jazz",2024,45,0.31,0.93,-9.84,0.86,0.59,0.75,98.6,5.41
"Song 2004","Artist 30","Metal",2020,77,0.28,0.71,-12.1,0.42,0.28,0.09,74.38,2.83
"Song 2005","Artist 16","R&B",2023,84,0.78,0.77,-13.46,0.61,0.05,0.64,123.35,3.82
"Song 2006","Artist 9","Classical",2020,22,0.74,0.63,-14.64,0.95,0.75,0.1,121.09,5.21
"Song 2007","Artist 57","Hip-Hop",2024,27,0.69,0.28,-12.39,0.09,0.51,0.62,73.14,2.34
"Song 2008","Artist 64","Jazz",2015,30,0.22,0.43,-14.89,0.14,0.72,0.26,138.38,5.49
"Song 2009","Artist 47","Rock",2025,58,0.81,0.34,-10.11,0.8,0.9,0.71,159.34,2.8
"Song 2010","Artist 77","Country",2015,58,0.5,0.24,-13.51,0.7,0.23,0.67,95.07,3.86
"Song 2011","Artist 55","Hip-Hop",2015,72,0.33,0.98,-14.52,0.46,0.09,0.68,85.02,2.47
"Song 2012","Artist 91","Country",2018,96,0.34,0.97,-2.15,0.8,0.74,0.54,173.27,2.52
"Song 2013","Artist 82","R&B",2018,97,0.63,0.85,-7.5,0.81,0.15,0.11,124.17,4.51
"Song 2014","Artist 44","Hip-Hop",2021,74,0.64,0.97,-10.8,0.79,0.38,0.03,138.86,3.83
"Song 2015","Artist 73","Metal",2018,100,0.22,0.31,-11.31,0.08,0.37,0.75,106.66,2.35
"Song 2016","Artist 99","Hip-Hop",2019,20,0.63,0.7,-9.42,0.54,0.68,0.26,78.19,4.89
"Song 2017","Artist 58","Country",2016,56,0.81,0.47,-11.21,0.51,0.82,0.72,109.51,4.91
"Song 2018","Artist 73","R&B",2018,99,0.33,0.51,-5.42,0.05,0.25,0.4,162.28,3.09
"Song 2019","Artist 48","Country",2018,51,0.31,0.86,-10.23,0.04,0.24,0.31,84.93,3.81
"Song 2020","Artist 69","Classical",2024,91,0.68,0.58,-4.27,0.16,0.85,0.93,74.94,5.18
"Song 2021","Artist 40","Classical",2020,84,0.86,0.77,-11.86,0.79,0.48,0.78,111.87,5.2
"Song 2022","Artist 92","Electronic",2024,35,0.53,0.9,-6.36,0.83,0.58,0.9,73.51,4.23
"Song 2023","Artist 62","Metal",2018,23,0.55,0.24,-13.39,0.46,0.66,0.9,143.21,3.55
"Song 2024","Artist 82","R&B",2025,86,0.87,0.34,-13.63,0.21,0.99,0.48,73.95,5.67
"Song 2025","Artist 6","R&B",2016,98,0.43,0.42,-7.06,0.87,0.48,0.95,103.92,2.84
"Song 2026","Artist 22","Hip-Hop",2023,61,0.76,0.7,-9.11,0.87,0.36,0.41,152.87,2.03
"Song 2027","Artist 90","Rock",2022,69,0.49,0.81,-6.23,0.48,0.71,0.33,153.1,2.84
"Song 2028","Artist 38","Pop",2023,48,0.48,0.72,-2.41,0.09,0.9,0.12,154.76,3.38
"Song 2029","Artist 36","Pop",2021,31,0.96,0.46,-14.76,0.05,0.11,0.97,161.09,5.02
"Song 2030","Artist 15","Indie",2022,45,0.68,0.2,-7.33,0.37,0.46,0.2,112.8,5.79
"Song 2031","Artist 49","Electronic",2019,57,0.48,0.97,-5.99,0.35,0.95,0.37,171.65,2.14
"Song 2032","Artist 27","Hip-Hop",2019,65,0.53,0.45,-2.57,0.78,0.04,0.1,121.28,3.38
"Song 2033","Artist 72","Pop",2017,20,0.9,0.26,-6.27,0.71,0.63,0.34,100.2,4.99
"Song 2034","Artist 57","Pop",2023,87,0.45,0.48,-8.35,0.7,0.9,0.46,145.93,3.5
"Song 2035","Artist 86","Jazz",2024,31,0.98,0.77,-3.74,0.95,0.26,0.25,149.2,3.5
"Song 2036","Artist 89","Country",2017,29,0.2,0.4,-11.95,0.6,0.61,0.32,76.67,4.36
"Song 2037","Artist 14","Rock",2015,51,0.58,0.31,-9.21,0.05,0.28,0.14,145.37,4.91
"Song 2038","Artist 72","Classical",2015,33,0.93,0.26,-8,0.32,0.52,0.4,155.06,4.31
"Song 2039","Artist 3","Hip-Hop",2016,42,0.74,0.94,-3.57,0.52,0.53,0.93,146.84,4.39
"Song 2040","Artist 64","Classical",2017,61,0.52,0.74,-8.23,0.29,0.81,0.46,97.13,4.27
"Song 2041","Artist 42","Indie",2022,85,0.51,0.98,-4.72,0.08,0.91,0,151.25,3.15
"Song 2042","Artist 19","Jazz",2023,98,0.94,0.38,-6.76,0.61,0.06,0.39,170.51,3.25
"Song 2043","Artist 31","Indie",2016,24,0.67,0.56,-9.06,0.52,0.21,0.15,155.14,4.1
"Song 2044","Artist 44","Classical",2017,42,0.97,0.95,-2.4,0.22,0.14,0.28,158.64,2.41
"Song 2045","Artist 70","Jazz",2021,99,0.97,0.89,-9.72,0.63,0.32,0.2,126.66,2.2
"Song 2046","Artist 26","R&B",2015,67,0.28,0.88,-13.92,0.66,0.78,0.55,73.2,4.02
"Song 2047","Artist 29","Indie",2022,23,0.35,0.93,-7.48,0.42,0.03,0.04,131.59,5.41
"Song 2048","Artist 39","Country",2018,29,0.79,0.99,-2.96,0.11,0.09,0.96,97.85,2.14
"Song 2049","Artist 21","Country",2016,74,0.5,0.89,-9.55,0.73,0.99,0.44,105.87,3.14
"Song 2050","Artist 57","Country",2015,32,0.5,0.67,-9.07,0.8,0.18,0.54,96.2,4.79
"Song 2051","Artist 4","Pop",2019,44,0.54,0.75,-13.93,0.99,0.82,0.64,97.09,5.33
"Song 2052","Artist 10","Metal",2023,57,0.94,0.49,-3.66,0.72,0.54,0.37,72.55,4.05
"Song 2053","Artist 80","Electronic",2016,46,0.4,0.92,-10.46,0.24,0.65,0.83,94.18,3.45
"Song 2054","Artist 55","Pop",2021,22,0.52,0.52,-5.98,0.64,0.26,0.22,149.09,2.76
"Song 2055","Artist 80","Rock",2023,70,0.66,0.55,-4.72,0.17,0.21,0.17,103.03,5.09
"Song 2056","Artist 35","Metal",2025,24,0.67,0.73,-12.55,0.29,0.66,0.99,94.01,4.37
"Song 2057","Artist 39","Jazz",2022,25,0.7,0.97,-11.47,0.67,0.15,0.11,163.58,2.36
"Song 2058","Artist 30","Rock",2022,86,0.61,0.91,-11.32,0.9,0.33,0.66,108.48,5.42
"Song 2059","Artist 21","Pop",2016,70,0.49,0.77,-4.68,0.55,0.83,0.37,79.02,4.68
"Song 2060","Artist 91","Country",2020,77,0.79,0.72,-5.91,0.89,0.5,0.11,105.57,2.99
"Song 2061","Artist 38","Metal",2021,37,0.77,0.57,-5.29,0.19,0.05,0.02,143.12,4.72
"Song 2062","Artist 2","Jazz",2016,43,0.21,0.31,-2.67,0.75,0.46,0.04,161.9,5.98
"Song 2063","Artist 46","Jazz",2025,83,0.5,0.44,-8.69,0.7,0.22,0.53,112.17,2.37
"Song 2064","Artist 36","Classical",2022,47,0.61,0.5,-12.61,0.5,0.93,0.76,104.96,5.29
"Song 2065","Artist 54","Hip-Hop",2023,68,0.64,0.33,-6.99,0.07,0.61,0.6,84.08,3.51
"Song 2066","Artist 10","Electronic",2016,58,0.63,0.77,-4.09,0.98,0.41,0.69,157.76,3.31
"Song 2067","Artist 37","Electronic",2023,73,0.23,0.87,-13.98,0.41,0.34,0.33,105.21,3.49
"Song 2068","Artist 44","Country",2024,88,0.96,0.92,-4.9,0.28,0.71,0.71,172.81,4.35
"Song 2069","Artist 68","Electronic",2024,81,0.28,0.61,-9.64,0.11,0.75,0.8,178.95,5.37
"Song 2070","Artist 99","Electronic",2025,51,0.66,0.22,-5.49,0.34,0.82,0.56,178.14,4.03
"Song 2071","Artist 7","Rock",2018,53,0.32,0.35,-4.29,0.98,0.89,0.72,147.63,4.04
"Song 2072","Artist 11","Rock",2019,74,0.53,0.34,-5.01,0.03,0.8,0.67,99.22,5.57
"Song 2073","Artist 2","Jazz",2024,30,0.43,0.7,-2.69,0.22,0.1,0.56,85.65,2.06
"Song 2074","Artist 13","Classical",2023,90,0.69,0.5,-7.29,0.8,0.88,0.27,131.5,3.42
"Song 2075","Artist 32","Indie",2016,22,0.73,0.34,-9.02,0.22,0.84,0.68,121.61,4
"Song 2076","Artist 11","Indie",2016,66,0.53,0.53,-3.6,0.64,0.81,0.95,165.48,4.71
"Song 2077","Artist 87","Pop",2021,79,0.97,0.3,-2.64,0.57,0.28,0.45,159.02,4.71
"Song 2078","Artist 40","R&B",2024,95,0.59,0.58,-5.61,0.36,0,0.28,92.97,5.94
"Song 2079","Artist 40","Classical",2020,75,0.43,0.67,-12.68,0.97,0.67,0.56,80.67,4.65
"Song 2080","Artist 6","Country",2023,44,0.52,0.88,-4.48,0.64,0.27,0.39,123.09,2.55
"Song 2081","Artist 5","Indie",2024,60,0.36,0.72,-4.37,0.7,0.75,0.76,148.37,5.19
"Song 2082","Artist 29","Rock",2021,80,0.38,0.99,-13.59,0.74,0.77,0.61,174.82,3.52
"Song 2083","Artist 48","Electronic",2020,23,0.32,0.45,-5.49,0.17,0.58,0.43,122.07,2.09
"Song 2084","Artist 60","Indie",2019,20,0.81,0.55,-11.14,0.65,0.53,0.79,128.95,2.06
"Song 2085","Artist 65","R&B",2025,59,0.92,0.74,-4.92,0.96,0.11,0.11,123.44,3.43
"Song 2086","Artist 10","Rock",2022,37,0.34,0.33,-13,0.27,0.21,0.72,90.53,5.33
"Song 2087","Artist 2","Jazz",2022,98,0.98,0.45,-3.86,0.6,0.07,0.18,115.72,3.09
"Song 2088","Artist 99","Metal",2017,26,0.36,0.68,-5.01,0.28,0.35,0.2,88.29,4.39
"Song 2089","Artist 63","Rock",2017,44,0.57,0.87,-6.63,0.37,0.72,0.37,75.58,4.75
"Song 2090","Artist 77","Jazz",2022,58,0.49,0.49,-8.94,0.61,0.29,0.82,150.46,5.16
"Song 2091","Artist 92","Electronic",2024,78,0.59,0.62,-4.92,0.38,0.36,0.4,119.36,2.69
"Song 2092","Artist 15","Hip-Hop",2024,50,0.72,0.63,-2.81,0.07,0.31,0.68,166.31,3.52
"Song 2093","Artist 70","R&B",2019,53,0.24,0.28,-5.75,0.38,0.97,0.49,75.37,5.33
"Song 2094","Artist 61","R&B",2023,54,0.68,0.54,-11.54,0.11,0.99,0.26,70.77,3.46
"Song 2095","Artist 15","Indie",2022,93,0.62,0.97,-3.12,0.93,0.65,0.94,137.71,4.03
"Song 2096","Artist 98","Indie",2021,93,0.6,0.38,-7.03,0.68,0.64,0.68,161.54,2.35
"Song 2097","Artist 49","Rock",2020,43,0.24,0.24,-11.87,0.59,0.72,1,112.24,4.31
"Song 2098","Artist 35","R&B",2017,49,0.5,0.38,-10.52,0.16,0.31,0.4,104.65,4.63
"Song 2099","Artist 57","Pop",2017,91,0.56,0.44,-14.96,0.35,0.85,1,94.39,2.67
"Song 2100","Artist 50","Electronic",2015,22,0.45,0.24,-5.62,0.3,0.85,0.71,107.56,4.25
"Song 2101","Artist 74","Electronic",2017,55,0.76,0.39,-8.67,0.74,0.31,0.01,90.87,3.17
"Song 2102","Artist 76","R&B",2017,74,0.84,0.45,-7.17,0.95,0.28,0.04,174.94,2.05
"Song 2103","Artist 8","Rock",2015,51,0.63,0.93,-13.55,0.94,0.43,0.81,159.4,2.6
"Song 2104","Artist 8","Hip-Hop",2023,74,0.43,0.65,-12.38,0.58,0.65,0.35,173.99,4.21
"Song 2105","Artist 4","Indie",2016,57,0.61,0.31,-10.11,0.09,0.53,0.37,74.41,3.38
"Song 2106","Artist 15","Classical",2025,30,0.38,0.61,-4.55,0.69,0.07,0.07,108.53,4.74
"Song 2107","Artist 81","Electronic",2022,97,0.33,0.42,-7.8,0.4,0.75,0.98,112.22,3.34
"Song 2108","Artist 91","R&B",2018,42,0.43,0.76,-12.2,0.97,0.4,0.22,109.12,5.5
"Song 2109","Artist 34","Classical",2022,54,0.6,0.24,-6.71,0.39,0.29,0.33,132.83,5.66
"Song 2110","Artist 27","Indie",2016,54,0.45,0.85,-4.72,0.57,0.8,0.95,79.79,5.46
"Song 2111","Artist 71","R&B",2015,95,0.72,0.87,-13.46,0.59,0.46,0.79,88.23,3.92
"Song 2112","Artist 91","R&B",2023,66,0.47,0.93,-4.12,0.23,0.43,0.88,104.12,5.46
"Song 2113","Artist 13","Indie",2024,38,0.41,0.44,-11.93,0.25,0.77,0.15,80.67,4.74
"Song 2114","Artist 8","R&B",2022,35,0.76,0.92,-3.68,0.78,0.15,0.96,129.09,3.86
"Song 2115","Artist 25","Indie",2016,22,0.31,0.27,-10.23,0.16,0.54,0.86,142.54,4.43
"Song 2116","Artist 64","Jazz",2016,84,0.83,0.72,-7.51,0.18,0.28,0.72,140.15,4.44
"Song 2117","Artist 53","R&B",2018,87,0.49,0.29,-5.55,0.99,0.37,0.71,114.47,5.03
"Song 2118","Artist 53","Country",2019,36,0.36,0.65,-3.75,0.31,0.02,0.83,171.58,4.78
"Song 2119","Artist 26","R&B",2025,43,0.53,0.72,-10.42,0.74,0.81,0.72,134.21,5.05
"Song 2120","Artist 81","Classical",2020,72,0.38,0.44,-10.73,0.48,0.31,0.43,146.48,5.26
"Song 2121","Artist 12","Country",2024,83,0.94,0.39,-7.17,0.15,0.15,0.52,140.85,3.87
"Song 2122","Artist 45","Indie",2018,77,0.56,0.44,-7.56,0.48,0.94,0.8,102.12,3.98
"Song 2123","Artist 16","Jazz",2018,54,0.7,0.5,-3.79,0,0.95,0.54,97.96,3.53
"Song 2124","Artist 10","R&B",2018,27,0.7,0.6,-3.8,0.76,0.96,0.02,132.74,3.07
"Song 2125","Artist 5","Rock",2019,47,0.76,0.86,-5.27,0.87,0.96,0.07,134.08,2.05
"Song 2126","Artist 47","Pop",2016,89,0.63,0.39,-9.69,0.19,0.86,0.97,89.86,3.25
"Song 2127","Artist 6","Rock",2020,60,0.5,0.27,-7.46,0.73,0.37,0.54,98.04,4.7
"Song 2128","Artist 21","Electronic",2016,71,0.63,0.53,-4.33,0.62,0.84,0.53,95.63,4.21
"Song 2129","Artist 81","Classical",2015,35,0.61,0.81,-5.89,0.26,0.13,0.72,114.48,5.48
"Song 2130","Artist 26","Hip-Hop",2023,73,0.56,0.37,-2.42,1,0.24,0.29,147.6,2.18
"Song 2131","Artist 95","Electronic",2019,92,0.57,0.64,-14.73,0.7,0.53,0.94,81.7,2.52
"Song 2132","Artist 76","Classical",2020,43,0.21,0.66,-9.79,0.16,0.7,0.44,78.6,2.49
"Song 2133","Artist 93","Indie",2023,72,0.28,0.27,-9.09,0.87,0.61,0.78,84.01,5.42
"Song 2134","Artist 43","Classical",2016,53,0.91,0.69,-8.3,0.75,0.49,0.17,169.93,4.04
"Song 2135","Artist 24","Metal",2021,66,0.95,0.92,-4.59,0.48,0.74,0.62,141.8,3.7
"Song 2136","Artist 72","R&B",2025,66,0.89,0.33,-4.24,0.26,0.07,0.27,174.47,3.46
"Song 2137","Artist 65","Pop",2023,93,0.24,0.9,-2.98,0.04,0.99,0.09,115.68,2.52
"Song 2138","Artist 87","Jazz",2018,45,0.4,0.22,-10.55,0.78,0.33,0.06,118.27,3.92
"Song 2139","Artist 35","Hip-Hop",2019,94,0.53,0.51,-9.26,0.11,0.01,0.3,105.93,2.58
"Song 2140","Artist 62","Electronic",2023,84,0.76,0.2,-8.63,0.94,0.02,0.1,113.68,2.78
"Song 2141","Artist 74","Pop",2020,49,0.95,0.47,-5.03,0.51,0.01,0.19,173.17,5.63
"Song 2142","Artist 28","Country",2016,39,0.95,0.99,-7.57,0.25,0.18,0.88,106.95,5.04
"Song 2143","Artist 52","Rock",2018,23,0.72,0.38,-5.6,0.63,0.1,0.35,82.97,3.71
"Song 2144","Artist 23","Jazz",2025,88,0.66,0.35,-5.07,0.13,0.48,0.08,96.15,3.96
"Song 2145","Artist 15","Electronic",2024,23,0.3,0.91,-13.53,0.65,0.14,0.74,112.83,2.99
"Song 2146","Artist 39","Rock",2021,82,0.74,0.74,-8.38,0.3,0.72,0.5,135.49,2.95
"Song 2147","Artist 93","Rock",2023,37,0.97,0.22,-10.56,0.78,0.36,0.75,83.43,3.09
"Song 2148","Artist 55","Metal",2015,64,0.72,0.8,-9.09,0.5,0.17,0.3,83.42,5.63
"Song 2149","Artist 86","R&B",2020,76,0.43,0.31,-6.23,0.16,0.34,0.13,116.87,2.54
"Song 2150","Artist 16","Country",2021,98,0.38,0.47,-14.49,0.76,0.5,0.8,86.22,5.5
"Song 2151","Artist 95","Classical",2024,58,0.61,0.79,-14.03,0.33,0.11,0.83,165.4,2.11
"Song 2152","Artist 76","Electronic",2020,60,0.88,0.46,-11.16,0.23,0.38,0.97,102,2.9
"Song 2153","Artist 20","Rock",2017,57,0.4,0.99,-4.75,0.24,0.77,0.07,142.24,4.44
"Song 2154","Artist 73","Pop",2024,35,0.34,0.44,-4.09,0.46,0.4,0.31,125.18,4.31
"Song 2155","Artist 28","R&B",2016,58,0.58,0.45,-6,0.74,0.84,0.17,89.97,5.4
"Song 2156","Artist 3","R&B",2015,41,0.84,0.25,-7.16,0.81,0.65,0.87,121.81,3.53
"Song 2157","Artist 45","Metal",2024,31,0.35,0.91,-2.88,0.57,0.54,0.12,123.99,4.25
"Song 2158","Artist 61","Pop",2025,78,0.81,0.35,-7.46,0.22,0.88,0.31,74.23,3.32
"Song 2159","Artist 57","R&B",2023,73,0.6,0.56,-9.82,0.15,0.73,0.49,108.92,4.99
"Song 2160","Artist 60","Jazz",2025,23,0.47,0.31,-8.9,0.25,0.44,0.5,149.77,4.67
"Song 2161","Artist 68","Country",2025,46,0.38,0.39,-5.93,0.35,0.94,0.93,87.55,2.77
"Song 2162","Artist 74","R&B",2021,80,0.95,0.45,-14.89,0.51,0.42,0.7,116.13,2.43
"Song 2163","Artist 74","Pop",2021,40,0.95,0.58,-8.74,0.64,0.26,0.36,86.8,4.95
"Song 2164","Artist 5","Pop",2022,80,0.51,0.47,-11.2,0.1,0.95,0.44,85.17,4.59
"Song 2165","Artist 75","Classical",2024,84,0.48,0.4,-13.61,0.26,0.92,0.29,112.48,2.32
"Song 2166","Artist 12","Indie",2023,95,0.78,0.59,-11.03,0.74,0.18,0.91,107.83,5.51
"Song 2167","Artist 5","Pop",2023,87,0.85,0.72,-2.69,0.81,0.05,0.88,115.32,4.79
"Song 2168","Artist 88","Electronic",2021,31,0.39,0.53,-7.51,0.59,0.33,0.84,161.65,2.88
"Song 2169","Artist 62","Country",2020,37,0.82,0.57,-8.37,0.22,0.06,0.81,94.23,3.46
"Song 2170","Artist 68","Pop",2024,67,0.55,0.72,-3.02,0.39,0.67,0.85,88.35,5.29
"Song 2171","Artist 98","Rock",2019,87,0.32,0.4,-12.78,0.06,0.08,0.4,91.98,3.93
"Song 2172","Artist 96","Indie",2022,62,0.4,0.53,-14.6,0.81,0.87,0.11,133.37,5.89
"Song 2173","Artist 65","Jazz",2025,73,0.72,0.3,-14.91,0.39,0.3,0.73,132.11,2.96
"Song 2174","Artist 83","Indie",2022,74,0.61,0.64,-5.52,0.93,0.44,0.84,174.05,2.32
"Song 2175","Artist 11","Indie",2018,88,0.75,0.95,-5.53,0.14,0.2,0.11,105.18,4.84
"Song 2176","Artist 39","Pop",2019,89,0.29,0.69,-12.13,0.06,0.35,0.33,112.66,2.29
"Song 2177","Artist 29","Metal",2019,52,0.25,0.29,-7.06,0.9,0.52,0.19,143,3.93
"Song 2178","Artist 91","Rock",2024,66,0.4,0.42,-11.07,0.44,0.73,0.4,140.16,3.75
"Song 2179","Artist 88","Country",2016,78,0.95,0.97,-10.05,0.64,0.84,0.86,159.45,2.12
"Song 2180","Artist 5","Hip-Hop",2024,92,0.61,0.92,-4.56,0.39,0.96,0.74,107.81,5.02
"Song 2181","Artist 66","Electronic",2023,100,0.77,0.26,-9.31,0.58,0.03,0.74,155.64,2.01
"Song 2182","Artist 41","Pop",2019,99,0.27,0.72,-7.96,0.8,0.55,0.85,107.48,2.7
"Song 2183","Artist 26","Jazz",2025,66,0.33,0.26,-8.99,0.06,0.05,0.7,72.72,5.92
"Song 2184","Artist 28","Pop",2022,79,0.89,0.61,-11.1,0.8,0.56,0.1,164.5,4.84
"Song 2185","Artist 47","Hip-Hop",2021,76,0.63,0.66,-9.62,0.84,0.98,0.41,124.08,5.94
"Song 2186","Artist 70","Jazz",2022,61,0.84,0.74,-13.58,0.5,0.07,0.76,135.61,2.67
"Song 2187","Artist 90","Country",2024,50,0.66,0.45,-14.29,0.9,0.5,0.3,107.23,3.4
"Song 2188","Artist 92","R&B",2021,68,0.25,0.28,-4.54,0.27,0.15,0.8,162.27,5.94
"Song 2189","Artist 70","Indie",2017,55,0.37,0.52,-14.65,0.66,0.32,0.06,108.8,2.44
"Song 2190","Artist 4","Classical",2019,31,0.62,0.68,-12.51,0.18,0.93,0.38,135.27,5.21
"Song 2191","Artist 64","Jazz",2021,94,0.67,0.55,-13.22,0.33,0.64,0.48,102.61,4.98
"Song 2192","Artist 22","Classical",2019,88,0.55,0.84,-9.38,0.97,0.32,0.47,117.12,2.26
"Song 2193","Artist 79","Hip-Hop",2021,52,0.99,0.8,-12.44,0.17,0.89,0.83,167.32,3.21
"Song 2194","Artist 6","Indie",2019,59,0.21,0.31,-8.58,0.5,0.38,0.14,88.34,4.37
"Song 2195","Artist 57","Country",2021,77,0.51,0.62,-4.59,0.04,0.27,0.87,154.18,4.18
"Song 2196","Artist 67","Metal",2021,40,0.68,0.34,-4.31,0.51,0.47,0.59,98.44,4.33
"Song 2197","Artist 85","Indie",2016,67,1,0.68,-7.47,0.02,0.57,0.03,110.37,2.57
"Song 2198","Artist 74","Metal",2021,88,0.32,0.36,-11.79,0.02,0.4,0.01,123.86,5.62
"Song 2199","Artist 89","Pop",2025,52,0.53,0.51,-9.21,0.21,0.54,0.57,157.64,3.46
"Song 2200","Artist 92","Rock",2019,47,0.22,0.92,-11.51,0.41,0.65,0.33,77.79,4.19
"Song 2201","Artist 65","Metal",2021,76,0.69,0.4,-8.81,0.27,0.36,0.39,135.65,4.03
"Song 2202","Artist 35","Electronic",2019,80,0.52,0.52,-3.33,0.92,0.15,0.27,175.47,4.61
"Song 2203","Artist 40","Electronic",2016,70,0.24,0.35,-2.21,0.3,0.7,0.81,122.07,4.22
"Song 2204","Artist 2","Metal",2019,35,0.48,0.97,-13.79,0.42,0.29,0.93,158.58,3.78
"Song 2205","Artist 46","Rock",2019,62,0.63,0.51,-9.27,0.72,0.48,0.2,88.08,5.46
"Song 2206","Artist 19","Electronic",2016,30,0.28,0.31,-2.89,0.27,0.07,0.45,135.7,4.61
"Song 2207","Artist 90","Country",2015,39,0.32,0.72,-7.34,0.04,0.97,0.58,94.27,3.11
"Song 2208","Artist 33","Electronic",2020,58,0.7,0.31,-12.77,0.41,0.52,0.92,95.99,3.13
"Song 2209","Artist 87","R&B",2019,82,0.96,0.54,-9.91,0.31,0.11,0.18,73.63,4.26
"Song 2210","Artist 3","Jazz",2024,47,0.58,0.3,-4.77,0.73,0.94,0.16,88.93,5.98
"Song 2211","Artist 37","Electronic",2020,51,0.53,0.45,-9.77,0.39,0.14,0.37,114.87,5.99
"Song 2212","Artist 64","Indie",2019,76,0.77,0.42,-10.29,0.11,0.17,0.83,142.71,3.72
"Song 2213","Artist 88","Rock",2020,61,0.8,0.33,-13.94,0.45,0.1,0.53,155.9,4.9
"Song 2214","Artist 61","Rock",2020,79,0.75,0.43,-8.25,0.01,0.55,0.52,174.83,2.33
"Song 2215","Artist 59","Pop",2025,99,0.68,0.3,-2.97,0.99,0.97,0.88,101.15,3.25
"Song 2216","Artist 64","Metal",2015,64,0.44,0.83,-6.91,0.51,0.28,0.82,133.57,5.04
"Song 2217","Artist 96","Hip-Hop",2024,45,0.73,0.39,-9.66,0.96,0.29,0.18,122.65,5.47
"Song 2218","Artist 13","Metal",2017,90,0.26,0.52,-3.19,0.61,0.3,0.57,131.29,3.39
"Song 2219","Artist 73","Hip-Hop",2024,91,0.45,0.38,-6.06,0.96,0.37,0.22,176.16,4.66
"Song 2220","Artist 17","Country",2015,69,0.88,0.61,-6.77,0.38,0.98,0.54,141.28,2.58
"Song 2221","Artist 78","Indie",2019,21,0.51,0.49,-7.27,0.24,0.52,0.75,116.92,2.34
"Song 2222","Artist 95","Jazz",2025,77,0.31,0.66,-5.96,0.77,0.85,0.41,101.37,5.02
"Song 2223","Artist 53","Country",2018,42,0.68,0.96,-13.15,0.11,0.16,0.74,141.47,2.61
"Song 2224","Artist 8","R&B",2024,29,0.43,0.49,-3.9,0.73,0.68,0.12,136.55,3.82
"Song 2225","Artist 37","Hip-Hop",2016,35,0.86,0.37,-14.01,0.35,0.36,0.73,78.34,4.15
"Song 2226","Artist 12","Indie",2017,71,0.32,0.52,-6,0.33,0.95,0.68,168.1,3.51
"Song 2227","Artist 84","Electronic",2017,90,0.79,0.44,-11.02,0.5,0.06,0.33,94.94,3.63
"Song 2228","Artist 5","Indie",2016,56,0.93,0.99,-3.35,0.62,0.89,0.12,70.63,4.62
"Song 2229","Artist 57","Pop",2019,93,0.23,0.72,-8.44,0.88,0.64,0.91,138.89,4.23
"Song 2230","Artist 50","Jazz",2017,99,0.26,0.5,-8.92,0.72,0.54,0.74,85.56,3.29
"Song 2231","Artist 51","Pop",2016,30,0.35,0.87,-14.77,0.13,0.82,0.31,128.01,2.41
"Song 2232","Artist 35","Country",2017,38,0.88,0.98,-13.5,0.46,0.66,0.23,143.08,5.12
"Song 2233","Artist 5","Pop",2016,76,0.26,0.99,-11.17,0.92,0.51,0.26,163.96,5.02
"Song 2234","Artist 72","Jazz",2018,68,0.92,0.65,-7.22,0.6,0.1,0.9,127.86,5.93
"Song 2235","Artist 37","Electronic",2015,55,0.66,0.35,-12.31,0.42,0.43,0.87,156.2,5.78
"Song 2236","Artist 55","Metal",2024,100,0.73,0.3,-2.64,0.83,0.08,0.25,80.77,4.51
"Song 2237","Artist 26","Hip-Hop",2015,75,0.69,0.69,-8.34,0.34,0.64,0.08,97.2,2.77
"Song 2238","Artist 60","Indie",2021,51,0.72,0.21,-6.42,0.84,0.22,0.85,97.64,4.62
"Song 2239","Artist 89","Jazz",2016,38,0.59,0.34,-12.31,0.25,0.25,0.81,97.83,4.19
"Song 2240","Artist 56","Hip-Hop",2019,86,0.35,0.55,-9.21,0.74,0.91,0.84,173.3,2.45
"Song 2241","Artist 86","Hip-Hop",2017,59,0.61,0.97,-7.9,0.43,0.46,0.07,136.98,2.31
"Song 2242","Artist 31","Indie",2020,56,0.46,0.71,-5.29,0.76,0.1,0.06,140.14,3.36
"Song 2243","Artist 52","Indie",2020,37,0.26,0.89,-7.64,0.22,0.98,0.95,72.96,5.96
"Song 2244","Artist 9","Country",2016,39,0.82,0.87,-12.04,0.92,0.61,0.01,93.89,4.91
"Song 2245","Artist 9","R&B",2025,91,0.42,0.34,-12.29,0.98,0.9,0.98,91.11,2.38
"Song 2246","Artist 53","Country",2018,83,0.55,0.74,-13.75,0.86,0.31,0.37,122.91,3.86
"Song 2247","Artist 17","Jazz",2024,27,0.76,0.99,-6.22,0.6,0.84,0.25,127.14,4.59
"Song 2248","Artist 24","Indie",2016,35,0.96,0.47,-4.9,0.18,0.92,0.14,160.38,2.69
"Song 2249","Artist 63","Metal",2025,91,0.7,0.61,-8.59,0.91,0.23,0.74,120.73,5.08
"Song 2250","Artist 61","Hip-Hop",2017,24,0.98,0.27,-6.5,0.12,0.68,0.64,116.82,4.11
"Song 2251","Artist 75","Rock",2019,53,0.72,0.28,-2.52,0.58,0.72,0.58,131.72,2.55
"Song 2252","Artist 96","Indie",2023,45,0.7,0.76,-10.31,0.56,0.24,0.97,101.54,5.5
"Song 2253","Artist 80","Rock",2025,82,0.57,0.9,-9.16,0.53,0.55,0.66,101.15,5.18
"Song 2254","Artist 27","Country",2018,93,0.46,0.87,-11.5,0.52,0.39,0.43,159.7,4.29
"Song 2255","Artist 28","Indie",2023,23,0.75,0.34,-13.91,0.85,0.78,0.32,173.45,3.8
"Song 2256","Artist 95","Pop",2015,92,0.68,0.22,-5.62,0.55,0.02,0.35,97.24,2.7
"Song 2257","Artist 14","Jazz",2022,93,0.6,0.26,-4.51,0.93,1,0.91,138.65,2.77
"Song 2258","Artist 13","Indie",2022,93,0.81,0.4,-9.85,0.51,0.82,0.97,137.1,3.92
"Song 2259","Artist 47","R&B",2023,64,0.92,0.78,-9.44,0.25,0.89,0.55,162.98,4.37
"Song 2260","Artist 14","Metal",2020,75,0.95,0.41,-13.46,0.1,0.98,0.84,115.4,3.73
"Song 2261","Artist 95","Metal",2023,24,0.58,0.22,-7.8,0.04,0.79,0.7,135.34,5.59
"Song 2262","Artist 74","Pop",2020,88,0.46,0.68,-13.93,0.97,0.59,0.77,101.51,5.01
"Song 2263","Artist 93","Indie",2022,56,0.79,0.77,-12.91,0.38,0.27,0.9,151.16,4.63
"Song 2264","Artist 92","Country",2022,97,0.55,0.61,-5.33,0.93,0.01,0.23,122.17,2.03
"Song 2265","Artist 9","Jazz",2017,76,0.41,0.28,-6.52,0.09,0.76,0.24,162.6,4.88
"Song 2266","Artist 77","Hip-Hop",2017,94,0.71,0.71,-13.93,1,0.06,0.23,135.36,3.53
"Song 2267","Artist 78","Classical",2019,44,0.76,0.46,-12.38,0.64,0.27,0.46,162.49,5.07
"Song 2268","Artist 48","R&B",2015,60,0.67,0.96,-9.29,0.88,0.67,0.08,92.83,4.48
"Song 2269","Artist 69","Pop",2016,81,0.45,0.65,-11.5,0.78,0.6,0.96,107.35,2.41
"Song 2270","Artist 90","Pop",2025,57,0.4,0.7,-3.52,0.61,0.39,0.97,102.24,2.81
"Song 2271","Artist 77","Classical",2025,26,0.86,1,-3.32,0.02,0.5,0.46,131.64,5.97
"Song 2272","Artist 78","Rock",2017,94,0.64,0.98,-13.21,0.32,0.19,0.55,110.36,4.1
"Song 2273","Artist 72","Rock",2024,51,0.45,0.78,-9.52,0.56,0.76,0.28,148.46,4.57
"Song 2274","Artist 71","Hip-Hop",2024,85,0.51,0.45,-2.48,0.21,0.78,0.6,107.19,4.39
"Song 2275","Artist 99","Indie",2018,20,0.42,0.67,-7.76,0.26,0.72,0.35,152.26,4.13
"Song 2276","Artist 59","Jazz",2018,29,0.92,0.81,-7.29,0.42,0.95,0.57,162.12,5.02
"Song 2277","Artist 64","Hip-Hop",2021,46,0.37,0.94,-2.49,0.26,0,0.91,97.63,3.44
"Song 2278","Artist 45","Hip-Hop",2023,64,0.58,0.91,-9.35,0.21,0.18,0.44,134.4,4.1
"Song 2279","Artist 57","Hip-Hop",2022,38,0.48,0.22,-9.21,0.35,0.54,0.89,153.94,3.57
"Song 2280","Artist 46","Jazz",2017,23,0.26,0.97,-7.4,0.59,0.6,0.56,138.83,4.68
"Song 2281","Artist 77","Country",2019,74,0.71,0.8,-11.41,0.74,0.4,0.83,160.07,2.99
"Song 2282","Artist 57","Metal",2025,23,0.98,0.78,-9.05,0.66,0.98,0.56,91.84,2.94
"Song 2283","Artist 45","Metal",2025,42,0.56,0.5,-6.12,0.1,0.55,0.65,141.63,5.44
"Song 2284","Artist 82","Hip-Hop",2016,31,0.27,0.72,-5.39,0.01,0.85,0.17,151.09,4.41
"Song 2285","Artist 20","Rock",2021,71,0.93,0.93,-12.71,0.82,0.72,0.84,146.19,2.18
"Song 2286","Artist 96","Pop",2022,29,0.28,0.26,-8.88,0.38,0.34,0.85,132.46,5.85
"Song 2287","Artist 43","Hip-Hop",2025,79,0.29,0.65,-3.46,0.9,0.06,0.72,92.43,3.87
"Song 2288","Artist 72","R&B",2019,95,0.69,0.7,-3.54,0.88,0.93,0.44,172.44,5.61
"Song 2289","Artist 8","Indie",2024,81,0.45,0.71,-11.88,0.97,0.32,0.02,157.83,2.49
"Song 2290","Artist 15","R&B",2018,88,0.53,0.98,-8.51,0.88,0.08,0.59,104.05,4.93
"Song 2291","Artist 97","Rock",2022,53,0.54,0.49,-14.79,0.74,0.72,0.4,167.74,2.04
"Song 2292","Artist 21","Hip-Hop",2016,26,0.33,0.47,-12.61,0.36,0.92,0.58,161.28,4.94
"Song 2293","Artist 50","Metal",2023,59,0.84,0.23,-6.14,0.76,0.23,0.36,150,5.3
"Song 2294","Artist 81","Hip-Hop",2020,94,0.59,0.25,-6.39,0.69,0.12,0.97,91.6,5.85
"Song 2295","Artist 58","Indie",2023,100,0.98,0.75,-4.85,0.84,0.16,0.44,86.84,3.04
"Song 2296","Artist 61","Country",2019,53,0.51,0.86,-3.12,0.59,0.73,0.68,86.04,4.64
"Song 2297","Artist 33","Rock",2017,80,0.21,0.8,-10.04,0.25,0.67,0.9,93.59,3.23
"Song 2298","Artist 61","Indie",2023,25,0.24,0.49,-5.61,0.82,0.64,0.51,138.84,5.32
"Song 2299","Artist 23","Classical",2020,49,0.59,0.27,-3.1,0.32,0.96,0.42,114.8,3.11
"Song 2300","Artist 70","Rock",2021,35,0.69,0.22,-3.34,0.95,0.19,0.08,106.51,2.49
"Song 2301","Artist 81","Pop",2021,40,0.56,0.42,-10.21,0.99,0.68,0.82,135.97,3.1
"Song 2302","Artist 28","Electronic",2015,41,0.92,0.37,-12.22,0.52,0.18,0.93,101.36,4.27
"Song 2303","Artist 4","Indie",2016,43,0.93,0.31,-6.52,0.27,0.3,0.23,139.48,2.78
"Song 2304","Artist 10","R&B",2020,89,0.83,0.21,-7.93,0.94,0.36,0.4,90.72,3.2
"Song 2305","Artist 29","Classical",2023,53,0.7,0.79,-7.75,0.45,0.29,0.81,173.82,3.97
"Song 2306","Artist 47","Hip-Hop",2025,92,0.85,0.45,-5.8,0.85,0.17,0.35,79.46,3.99
"Song 2307","Artist 87","Rock",2018,21,0.89,0.71,-14.94,0.21,0.38,0.39,139.18,4.92
"Song 2308","Artist 2","Hip-Hop",2017,34,0.77,0.53,-4.66,0.46,0.8,0.44,77.37,2.66
"Song 2309","Artist 92","Electronic",2017,21,0.82,0.65,-5.77,0.32,0.16,0.9,114.4,3.23
"Song 2310","Artist 7","Metal",2022,46,0.67,0.52,-5.28,0.83,0.53,0.12,172.17,4.87
"Song 2311","Artist 82","Metal",2021,60,0.69,0.64,-12.9,0.3,0.22,0.85,168.02,4.46
"Song 2312","Artist 41","Hip-Hop",2018,31,0.55,0.89,-7.25,0.06,0.7,0.61,151.82,2.66
"Song 2313","Artist 1","R&B",2015,62,0.35,0.91,-14.4,0.21,0.71,0.28,153.39,4.53
"Song 2314","Artist 11","R&B",2016,93,0.28,0.8,-11.67,0.93,0.55,0.24,176.39,4.85
"Song 2315","Artist 72","Pop",2017,90,0.6,0.43,-12.32,0.07,0.74,0.23,70.69,2.16
"Song 2316","Artist 14","Metal",2015,58,0.33,0.96,-8.94,0.5,0.83,0.44,113.41,3.5
"Song 2317","Artist 8","Country",2018,40,0.65,0.31,-2.81,0.88,0.49,0.43,167.39,3.36
"Song 2318","Artist 8","Hip-Hop",2024,87,0.63,0.96,-7.68,0.28,0.26,0.5,107.33,5.53
"Song 2319","Artist 71","Jazz",2016,53,1,0.91,-7.07,0.82,0.6,0.27,120.07,5.01
"Song 2320","Artist 63","Metal",2017,79,0.23,0.51,-4.71,0.73,0.05,0.49,77.15,2.04
"Song 2321","Artist 63","Rock",2021,64,0.73,0.88,-6.26,0.26,0.78,0.8,94.43,4.43
"Song 2322","Artist 50","Country",2015,37,0.61,0.79,-14.7,0.56,0.12,0.03,147.93,5.11
"Song 2323","Artist 8","Classical",2016,33,0.41,0.42,-3.27,0.27,0.97,0.52,178.23,4.29
"Song 2324","Artist 73","Jazz",2016,57,0.43,0.8,-13.34,0.58,0.1,0.68,141.4,5
"Song 2325","Artist 38","R&B",2020,80,0.47,0.29,-5.57,0.26,0.82,0.05,92.44,5.16
"Song 2326","Artist 61","Pop",2023,88,0.96,0.61,-4.95,0.21,0.24,0.32,172.29,4.57
"Song 2327","Artist 48","Rock",2018,80,0.55,0.9,-13.71,0.94,0.85,0.05,167.07,3.93
"Song 2328","Artist 59","Country",2018,42,0.91,0.37,-11.33,0.4,0.55,0.33,129.04,2.67
"Song 2329","Artist 37","Jazz",2018,42,0.69,0.41,-4.6,0.53,0.37,0.55,142.55,5.19
"Song 2330","Artist 56","Country",2021,59,0.47,0.88,-13.15,0.75,0.71,0.82,127.74,2.11
"Song 2331","Artist 52","Metal",2017,95,0.24,0.46,-14.71,0.98,0.23,0.35,84.04,3.53
"Song 2332","Artist 73","Pop",2025,56,0.74,0.32,-13.37,0.9,0.38,0.2,111.23,3.43
"Song 2333","Artist 3","Electronic",2016,40,0.47,0.86,-12.68,0.14,0.83,0.38,124.7,2.85
"Song 2334","Artist 34","Rock",2016,54,0.24,0.71,-13.01,0.08,0.02,1,135.81,2.91
"Song 2335","Artist 99","Pop",2018,30,0.51,0.63,-3.96,0.06,0.09,0.63,101.41,4.44
"Song 2336","Artist 1","Hip-Hop",2024,66,0.28,0.6,-12.9,0.72,0.19,0.65,104.82,3.57
"Song 2337","Artist 40","Hip-Hop",2024,65,0.71,0.51,-9.66,0.81,0.85,0.78,138.96,5.01
"Song 2338","Artist 58","Jazz",2020,21,0.82,0.71,-13.92,0.06,0.35,0.96,142.09,2.12
"Song 2339","Artist 3","Pop",2020,37,0.24,0.65,-7.93,0.9,0.47,0.22,89.06,3.58
"Song 2340","Artist 96","Country",2015,42,0.64,0.43,-8.23,0.71,0.26,0.5,119.68,5.27
"Song 2341","Artist 6","Hip-Hop",2025,41,0.3,0.37,-9.94,0.97,0.93,0.18,159.35,5.69
"Song 2342","Artist 79","Country",2020,43,0.33,0.77,-10.86,0.81,0.1,0.94,137.35,4.51
"Song 2343","Artist 81","Hip-Hop",2021,70,0.32,0.38,-9.03,0.21,0.88,0.28,147.01,3.65
"Song 2344","Artist 95","Hip-Hop",2020,53,0.74,0.75,-13.37,0.5,0.37,0.16,161.53,4.98
"Song 2345","Artist 20","R&B",2019,27,0.58,0.74,-10.98,0.03,0.23,0.01,179.19,2.11
"Song 2346","Artist 19","Classical",2025,80,0.7,0.62,-10.43,0.51,0.85,0.79,121.16,3.2
"Song 2347","Artist 18","Classical",2023,93,0.77,0.99,-2.88,0.32,0.42,0.14,80.9,4.61
"Song 2348","Artist 99","Country",2025,56,0.59,0.41,-7.04,0.54,0.8,0.82,135.23,3.4
"Song 2349","Artist 16","R&B",2022,76,0.58,0.41,-3.57,0.85,0.72,0.44,104.32,3.55
"Song 2350","Artist 93","Indie",2024,47,0.74,0.64,-13.5,0.38,0.23,0.95,121.32,4.37
"Song 2351","Artist 11","Country",2024,57,0.42,0.3,-7.84,0.13,0.7,0.62,173.91,3.02
"Song 2352","Artist 69","Hip-Hop",2025,31,0.36,0.44,-11.96,0.87,0.45,0.15,173.45,3.2
"Song 2353","Artist 76","Metal",2017,85,0.92,0.96,-13.72,0.52,0.9,0.09,175.91,3.33
"Song 2354","Artist 67","Rock",2017,36,0.44,0.27,-11.11,0.12,0.38,0.97,107.86,4.06
"Song 2355","Artist 38","Jazz",2017,57,0.34,0.78,-4.75,0.62,0.4,0.52,134.79,4.54
"Song 2356","Artist 36","Electronic",2025,79,0.4,0.34,-12.1,0.7,0.81,0.27,142.2,4.4
"Song 2357","Artist 94","Classical",2020,42,0.34,0.88,-4.27,0.97,0.06,0.26,119.37,5.9
"Song 2358","Artist 28","Jazz",2015,92,0.5,0.34,-13.58,0.49,0.52,0.23,81.63,5.3
"Song 2359","Artist 55","Metal",2022,43,0.99,0.7,-7.35,0.86,0.18,0.88,158.23,2.15
"Song 2360","Artist 61","Metal",2022,27,0.72,0.29,-6.12,0.12,0.78,0.05,118.63,3.63
"Song 2361","Artist 21","Pop",2024,81,0.76,0.63,-8.5,0.52,0.32,0.55,157.95,5.03
"Song 2362","Artist 96","Metal",2015,45,0.68,0.5,-4.01,0.97,0.13,0.38,101.26,4.34
"Song 2363","Artist 10","Metal",2024,46,0.48,0.34,-4.2,0.61,0.65,0.49,84.94,2.28
"Song 2364","Artist 20","Electronic",2022,99,0.21,0.67,-13.57,0.21,0.73,0.39,143.78,2.61
"Song 2365","Artist 41","Jazz",2024,84,0.67,0.65,-10.45,0.48,0.88,0.39,110.49,5.42
"Song 2366","Artist 47","Metal",2025,34,0.59,0.32,-11.32,0.1,0.35,0.51,142.71,2.55
"Song 2367","Artist 30","R&B",2015,47,0.97,0.78,-2.77,0.82,0.18,0.43,115.5,5.32
"Song 2368","Artist 50","Jazz",2018,100,0.71,0.91,-11.31,0.24,0.27,0.87,172.79,4.99
"Song 2369","Artist 75","Classical",2023,65,0.28,0.36,-6.1,0.54,0.56,0.53,123.04,5.52
"Song 2370","Artist 28","Jazz",2023,97,0.78,0.21,-6.26,0.59,0.06,0.24,138.06,5.31
"Song 2371","Artist 82","Hip-Hop",2024,30,0.75,0.77,-10.97,0.72,0.51,0.91,177.62,3.13
"Song 2372","Artist 66","Indie",2025,73,0.98,0.35,-9.63,0.13,0.9,0.66,83.1,3.85
"Song 2373","Artist 21","Jazz",2015,79,0.83,0.77,-9.45,0.92,0.26,0.16,179.23,4.7
"Song 2374","Artist 58","Pop",2019,53,0.72,0.84,-10.03,0.67,0.98,0.91,134.14,2.32
"Song 2375","Artist 55","Classical",2019,97,0.37,0.92,-2.57,0.97,0.91,0.87,118.55,3.25
"Song 2376","Artist 19","Jazz",2016,55,0.22,0.9,-14.79,0.31,0.59,0.86,126.06,5.66
"Song 2377","Artist 15","Hip-Hop",2023,62,0.83,0.64,-5.31,0.96,0.92,0.83,166.19,4.92
"Song 2378","Artist 92","Country",2023,70,0.56,0.71,-11.25,0.19,0.87,0.68,97.68,5.93
"Song 2379","Artist 88","Country",2019,36,0.24,0.72,-6.46,0.13,0.8,0.53,74.71,4.5
"Song 2380","Artist 98","Indie",2016,95,0.24,0.54,-13.8,0.66,0.36,0.41,150.93,5.97
"Song 2381","Artist 42","Electronic",2023,25,0.39,0.87,-4.4,0.52,0.16,0.64,125.42,3.4
"Song 2382","Artist 53","R&B",2022,97,0.97,0.92,-7.03,0.2,0.53,0.48,99.86,4.37
"Song 2383","Artist 84","Indie",2021,61,0.75,0.92,-4.6,0.98,0.46,0.57,151.21,5.95
"Song 2384","Artist 69","Rock",2018,22,0.98,0.32,-8.71,0.26,0.8,0.38,110.78,2.21
"Song 2385","Artist 18","Rock",2021,44,0.98,0.22,-14.02,0.08,0.35,0.18,80.23,3.25
"Song 2386","Artist 91","Indie",2016,64,0.82,0.51,-11.43,0.19,0.48,0.04,179.45,2.16
"Song 2387","Artist 41","Jazz",2017,55,0.97,0.57,-13.69,0.98,0.18,0.31,118.55,5.58
"Song 2388","Artist 95","Metal",2020,78,0.34,0.25,-4.77,0.58,0.2,0.86,76.14,2.61
"Song 2389","Artist 75","R&B",2016,80,0.22,0.64,-13.76,0.19,0.3,0.47,81.42,2.23
"Song 2390","Artist 93","Metal",2022,72,0.4,0.71,-14.95,0.97,0.86,0.19,89.05,3.36
"Song 2391","Artist 65","R&B",2025,42,0.95,0.34,-4.4,0.78,0.09,0.71,111.13,2.68
"Song 2392","Artist 7","Electronic",2023,88,0.9,0.49,-10.68,0.66,0.42,0.97,96.84,4.33
"Song 2393","Artist 46","Indie",2017,58,0.56,0.73,-7.74,0.17,0.17,0.7,147.95,3.84
"Song 2394","Artist 35","Indie",2024,21,0.3,0.79,-5.3,0.98,0.21,0.51,111.85,2.84
"Song 2395","Artist 13","Jazz",2022,40,0.35,0.34,-2.46,0.06,0.57,0.63,106.84,2.59
"Song 2396","Artist 80","Jazz",2019,31,0.69,0.85,-8.93,0.41,0.88,0.03,165.59,2.2
"Song 2397","Artist 28","R&B",2021,49,0.44,0.34,-13.54,0.26,0.37,0.79,85.01,5.23
"Song 2398","Artist 97","Jazz",2017,71,0.65,0.9,-6.24,0.92,0.68,0.17,170.16,2.45
"Song 2399","Artist 8","Jazz",2018,32,0.79,0.84,-3.83,0.52,0.79,0.93,174.49,3.44
"Song 2400","Artist 51","Rock",2017,62,0.93,0.62,-4.32,0.18,0.59,0.31,104.66,2.71
"Song 2401","Artist 68","Hip-Hop",2023,63,0.39,0.4,-2.99,0.26,0.77,0.19,135.37,4.34
"Song 2402","Artist 43","Hip-Hop",2020,70,0.37,0.55,-5.11,0.05,0.05,0.09,71.46,5.21
"Song 2403","Artist 56","Pop",2024,22,0.52,0.87,-7.11,0.77,0.39,0.18,160.25,4.89
"Song 2404","Artist 11","Pop",2017,53,0.45,0.73,-5.65,0.52,0.24,0.48,166.37,2.24
"Song 2405","Artist 10","Indie",2015,84,0.61,0.51,-5.82,0.67,0.25,0.29,177.57,2.44
"Song 2406","Artist 71","Rock",2015,98,0.84,0.9,-5.44,0.75,0.31,0.45,119.09,4.38
"Song 2407","Artist 85","Rock",2022,88,0.98,0.36,-11.81,0.49,0.06,0.15,178.12,5.95
"Song 2408","Artist 64","Pop",2021,61,0.33,0.84,-14.71,0.28,0.01,0.02,153.55,3.09
"Song 2409","Artist 46","Metal",2017,39,0.48,0.51,-7.5,0.6,0.85,0.12,131.37,3.27
"Song 2410","Artist 75","Jazz",2022,76,0.55,0.5,-8.06,0.21,0,0.81,99.5,2.55
"Song 2411","Artist 2","Pop",2019,78,0.36,0.51,-11.48,0.38,0.83,0.54,132.77,3.78
"Song 2412","Artist 77","Metal",2023,68,0.66,0.24,-7.05,0.49,0.57,0.89,131.67,4.52
"Song 2413","Artist 59","Indie",2018,23,0.23,0.4,-4.92,0.32,0.12,0.78,77.64,4.84
"Song 2414","Artist 25","Hip-Hop",2015,79,0.33,0.62,-8.86,0.21,0.3,0.23,121.56,5.63
"Song 2415","Artist 23","Country",2020,47,0.54,0.3,-7.39,0.55,0.57,0.15,144.79,2.74
"Song 2416","Artist 20","Metal",2022,42,0.29,0.93,-14.59,0.28,0.91,0.14,157.98,3.91
"Song 2417","Artist 68","Electronic",2025,83,0.89,0.21,-3.77,0.11,0.46,0.53,88.22,3.17
"Song 2418","Artist 35","Electronic",2019,47,0.93,0.9,-12.83,0.68,0.61,0.62,114.03,2.85
"Song 2419","Artist 74","Indie",2019,61,0.28,0.68,-10.95,0.79,0.3,0.16,129.98,4.41
"Song 2420","Artist 52","Indie",2022,26,0.55,0.43,-12.33,0.16,0.28,0.39,77.47,3.29
"Song 2421","Artist 1","Electronic",2023,99,0.52,0.62,-10.23,0.21,0.9,0.79,176.06,4.61
"Song 2422","Artist 84","Country",2021,64,0.57,0.27,-4.15,0.88,0.19,0.66,123.79,4.76
"Song 2423","Artist 83","Country",2020,94,0.44,0.49,-2.19,0.94,0.01,0.43,86.39,4.4
"Song 2424","Artist 39","Classical",2018,93,0.97,0.98,-9.52,0.89,0.65,0,85.08,5.63
"Song 2425","Artist 39","Electronic",2022,57,0.63,0.35,-4.11,0.58,0.88,0.39,122.8,5.4
"Song 2426","Artist 96","Rock",2018,20,0.42,0.89,-4.79,0.05,0.33,0.67,82.17,4.6
"Song 2427","Artist 96","Jazz",2015,69,0.56,0.28,-13.11,0.65,0.92,0.16,104.79,2.69
"Song 2428","Artist 63","Country",2023,98,0.92,0.37,-7.53,0.46,0.05,0.88,121.34,4.7
"Song 2429","Artist 37","Hip-Hop",2019,49,0.48,0.3,-4.1,0.38,0.32,0.29,100.95,3.6
"Song 2430","Artist 42","Jazz",2025,67,0.25,0.56,-12.63,0.34,0.46,0.42,115,2.13
"Song 2431","Artist 59","Jazz",2021,90,0.49,0.21,-13.77,0.4,0.95,0.66,136.84,4.97
"Song 2432","Artist 48","Indie",2016,41,0.65,0.54,-9.92,0.97,0.68,0.92,76.01,5.66
"Song 2433","Artist 31","Pop",2017,27,0.9,0.2,-9.61,0.64,0.35,0.38,135.5,2.23
"Song 2434","Artist 86","Pop",2022,78,0.35,0.66,-7,0.78,0.61,0.88,107.59,5.17
"Song 2435","Artist 59","Metal",2017,81,0.67,0.61,-14.82,0.07,0.91,0.85,78.72,3.51
"Song 2436","Artist 53","Metal",2019,77,0.27,0.85,-12.72,0.49,0.61,0.51,165.7,5.68
"Song 2437","Artist 85","Rock",2017,81,0.43,0.42,-9.51,0.32,0.56,0.73,151.18,5.76
"Song 2438","Artist 92","Hip-Hop",2025,66,0.68,0.38,-6.18,0.24,0.62,0.72,124.27,4.75
"Song 2439","Artist 47","Country",2021,90,0.32,0.63,-8.75,0.24,0.98,0.17,171.41,4.19
"Song 2440","Artist 14","R&B",2023,43,0.9,0.58,-3.84,0.38,0.51,0.1,103.93,3.44
"Song 2441","Artist 89","Indie",2024,78,0.99,0.77,-9.97,0.12,0.46,0.24,75.16,3.01
"Song 2442","Artist 33","Country",2019,60,0.69,0.41,-2.95,0.43,0.42,0.61,165.36,5.07
"Song 2443","Artist 37","Country",2024,34,0.32,0.91,-9.97,0.06,0.8,0.94,151.1,4.71
"Song 2444","Artist 12","Classical",2018,20,0.37,0.87,-2.29,0.84,0.46,0.18,166.57,2.82
"Song 2445","Artist 84","Classical",2018,54,0.41,0.32,-11.24,0.43,0.76,0.42,114.16,2.45
"Song 2446","Artist 71","Pop",2022,41,0.32,0.96,-12.28,0.48,0.82,0.73,93.68,3.42
"Song 2447","Artist 92","Metal",2021,33,0.79,0.5,-7.16,0.29,0.23,0.44,154.41,3.38
"Song 2448","Artist 97","R&B",2020,79,0.25,0.41,-11.43,0.42,0.44,0.03,143.73,3.31
"Song 2449","Artist 22","Jazz",2018,73,0.54,0.73,-13.4,0.95,0.86,0.63,130.88,3.65
"Song 2450","Artist 23","Classical",2020,44,0.74,0.46,-11.63,0.97,0.08,0.15,90.97,4.7
"Song 2451","Artist 87","Hip-Hop",2015,46,0.61,0.44,-8.37,0.91,0.26,0.67,121.02,2.03
"Song 2452","Artist 87","Jazz",2019,60,0.5,0.76,-12.27,0.48,0.07,0.82,74.9,3.07
"Song 2453","Artist 20","Classical",2024,85,0.74,0.71,-3.42,0.63,0.42,0.46,79.92,2.31
"Song 2454","Artist 10","Country",2025,62,0.71,0.95,-5.55,0.01,0.34,0.35,134.08,4.51
"Song 2455","Artist 67","Hip-Hop",2023,60,0.75,0.88,-3.55,0.66,0.79,0.29,148.62,3.65
"Song 2456","Artist 9","Pop",2025,50,0.96,0.77,-14.58,0.51,0.95,0.79,169.75,5.35
"Song 2457","Artist 27","Electronic",2021,94,0.81,0.75,-10.79,0.28,0.49,0.04,150.4,4.77
"Song 2458","Artist 75","Pop",2019,61,0.83,0.67,-3.04,0.99,0.26,0.32,177.18,4.06
"Song 2459","Artist 17","R&B",2018,83,0.43,0.8,-10,0.28,0.6,0.14,128.11,4.98
"Song 2460","Artist 68","R&B",2024,57,0.21,0.3,-14.05,0.72,0.39,0.88,136.46,4.82
"Song 2461","Artist 92","Classical",2023,22,0.52,0.24,-12.6,0.03,0.38,0.9,138.37,3.21
"Song 2462","Artist 63","Indie",2018,47,0.36,0.2,-13.84,0.62,0.6,0.92,76.26,2.07
"Song 2463","Artist 95","Classical",2024,76,0.27,0.99,-10.76,0.37,0.16,0.16,83.8,2.09
"Song 2464","Artist 33","Hip-Hop",2024,28,0.7,0.26,-8.03,0.88,0.95,0.03,86.75,5.66
"Song 2465","Artist 43","Pop",2022,78,0.85,0.21,-12.38,0.47,0.13,0.94,80.33,4.75
"Song 2466","Artist 97","Metal",2020,88,0.61,0.22,-12.05,0.31,0.51,0.94,169.03,4.52
"Song 2467","Artist 94","Country",2020,82,0.44,0.66,-13.43,0.44,0,0.75,90.07,4.4
"Song 2468","Artist 23","Pop",2021,55,0.54,0.72,-12.17,0.64,0.45,0.47,107.78,2.86
"Song 2469","Artist 81","Hip-Hop",2022,49,0.73,0.47,-9.99,0.65,0.96,0.29,128.97,5.7
"Song 2470","Artist 40","R&B",2022,44,0.26,0.6,-5.96,0.26,0.42,0.42,103.44,2.1
"Song 2471","Artist 17","Hip-Hop",2021,47,0.85,0.6,-10.82,0.05,0.03,0.73,160.09,4.7
"Song 2472","Artist 68","Electronic",2016,42,0.92,0.59,-9.14,0.71,0.64,0.63,162.84,5.78
"Song 2473","Artist 87","Hip-Hop",2018,31,0.48,0.22,-4.12,0.16,0.87,0.98,128.35,5.28
"Song 2474","Artist 51","Electronic",2018,27,0.48,0.83,-4.22,0.74,0.78,0.07,117.63,5.42
"Song 2475","Artist 23","R&B",2017,90,0.5,0.85,-13.93,0.5,0.82,0.65,71.01,2.04
"Song 2476","Artist 92","Pop",2017,79,0.57,0.55,-7.44,0.96,0.08,0.41,165.39,5.24
"Song 2477","Artist 16","R&B",2022,61,0.25,0.38,-8.46,0.7,0.28,0.31,129.08,2.29
"Song 2478","Artist 12","Hip-Hop",2025,28,0.91,0.93,-8.87,0.48,0.66,0.04,103.56,5.76
"Song 2479","Artist 96","Jazz",2020,97,0.54,0.99,-11.98,0.71,0.61,0.69,150.76,2.16
"Song 2480","Artist 54","Classical",2018,84,0.25,0.41,-4.23,0.29,0.62,0.98,83.58,3.03
"Song 2481","Artist 3","Classical",2021,38,0.43,0.71,-13.1,0.14,0.97,0.58,144.2,3.04
"Song 2482","Artist 7","Country",2024,100,0.41,0.61,-2.19,0.95,0.19,0.83,157.31,5.09
"Song 2483","Artist 3","Rock",2020,91,0.56,0.97,-4.25,0.83,0.04,0.58,88.44,3.3
"Song 2484","Artist 53","Metal",2019,74,0.55,0.56,-11.57,0.7,0.18,0.49,177.24,2.27
"Song 2485","Artist 20","R&B",2015,84,0.88,0.69,-14.46,0.63,0.9,0.65,72.53,2.42
"Song 2486","Artist 19","Electronic",2022,73,0.29,0.25,-8.63,0.23,0.99,0.19,170.65,3.37
"Song 2487","Artist 61","Pop",2019,98,0.36,0.25,-6.01,0.39,0.09,0.43,166.51,3.06
"Song 2488","Artist 4","Metal",2023,56,0.27,0.92,-4.74,0.81,0.54,0.58,140.89,3.19
"Song 2489","Artist 26","Indie",2021,28,0.61,0.86,-2.28,0.12,0.43,0.28,169.7,4.4
"Song 2490","Artist 8","Rock",2023,95,0.43,0.24,-8.75,0.11,0.19,0.87,152.03,4.11
"Song 2491","Artist 49","Classical",2016,91,0.27,0.45,-10.96,0.47,0.17,0.9,144.24,5.81
"Song 2492","Artist 58","Hip-Hop",2022,66,0.42,0.99,-5.95,0.12,0.76,0.81,158.45,4.28
"Song 2493","Artist 15","Rock",2015,94,0.76,0.91,-6.32,0.13,0.3,0.81,98.52,5.1
"Song 2494","Artist 89","Electronic",2022,68,0.58,0.46,-2.42,0.09,0.82,0.72,127.31,4.8
"Song 2495","Artist 73","Metal",2021,64,0.57,0.22,-10.62,0.14,0.41,0.49,133.34,5.84
"Song 2496","Artist 13","Classical",2019,94,0.49,0.58,-2.92,0.04,0.72,0.42,125.99,2.91
"Song 2497","Artist 61","R&B",2017,79,0.86,0.35,-13.32,0.39,0.16,0.54,165.9,5.35
"Song 2498","Artist 31","Electronic",2025,52,0.66,0.67,-9.13,0.52,0.32,0.21,91.05,3.03
"Song 2499","Artist 43","Classical",2019,38,0.61,0.8,-2.74,0.84,0.53,0.33,103.09,2.48
"Song 2500","Artist 5","Hip-Hop",2017,46,0.94,0.42,-5.23,0.11,0.33,0.06,85.25,3.75
"Song 2501","Artist 24","Electronic",2025,22,0.23,0.22,-4.64,0.79,0.8,0.63,158.3,4.56
"Song 2502","Artist 86","R&B",2025,33,0.97,0.95,-5.52,0.68,0.12,0.55,149.74,3.71
"Song 2503","Artist 97","Indie",2022,95,0.71,0.42,-11.18,0.51,0.62,0.37,164.1,5.52
"Song 2504","Artist 98","Country",2016,40,0.35,0.5,-9.31,0.9,0.35,0.88,111.49,2.77
"Song 2505","Artist 36","Country",2017,40,0.49,1,-10.33,0.3,0.07,0.82,136.4,5.14
"Song 2506","Artist 59","Metal",2022,75,0.38,0.78,-13.38,0.28,0.09,0.27,79.84,5
"Song 2507","Artist 38","Hip-Hop",2020,43,0.26,0.28,-12.87,0.67,0.9,0.29,167.69,3.73
"Song 2508","Artist 69","Rock",2025,20,0.58,0.48,-10.61,0.12,0.98,0.69,134.97,3.28
"Song 2509","Artist 91","Electronic",2025,99,0.58,0.63,-8.52,0.52,0.49,0.2,147.93,3.23
"Song 2510","Artist 61","Classical",2015,86,0.95,0.26,-6.65,0.66,0.07,0.15,141.26,5.69
"Song 2511","Artist 19","R&B",2018,76,0.8,0.4,-3.83,0.63,0.6,0.47,132.68,3.06
"Song 2512","Artist 12","Country",2016,56,0.79,0.24,-5.03,0.22,0.34,0.99,112.98,3.22
"Song 2513","Artist 33","Indie",2018,67,0.98,0.65,-2.45,0.59,0.24,0.62,90.73,3.9
"Song 2514","Artist 74","Hip-Hop",2017,76,0.59,0.22,-10.59,0.92,0.86,0.91,158.97,2.07
"Song 2515","Artist 31","Electronic",2015,82,0.85,0.43,-3.25,0.67,0.12,0.03,127.65,3.51
"Song 2516","Artist 36","Hip-Hop",2022,39,0.36,0.88,-9.65,0.09,0.69,0.76,152.86,5.44
"Song 2517","Artist 74","R&B",2019,55,0.86,0.73,-6.98,0.16,0.65,0.04,134.77,4.63
"Song 2518","Artist 15","R&B",2022,38,0.96,0.48,-10.96,0.61,0.02,0.94,124.53,2.76
"Song 2519","Artist 28","Jazz",2015,75,0.82,0.79,-8.73,0.73,0.53,0.66,112.74,5.44
"Song 2520","Artist 100","Classical",2018,87,0.35,0.67,-14.48,0.66,0.13,0.74,96.68,4.61
"Song 2521","Artist 90","Jazz",2015,65,0.78,0.25,-14.43,0.9,0.84,0.52,126.79,3.7
"Song 2522","Artist 8","Jazz",2024,82,0.46,0.5,-12.55,0.26,0.01,0.39,103.21,4.78
"Song 2523","Artist 86","Metal",2025,37,0.76,0.78,-8.74,0.45,0.52,0.6,121.22,3.47
"Song 2524","Artist 46","Rock",2018,70,0.29,0.61,-7.56,0.34,0.98,0.42,130.23,2.49
"Song 2525","Artist 60","Metal",2019,89,0.27,0.24,-2.93,0.22,0.99,0.01,147.46,5.3
"Song 2526","Artist 72","R&B",2019,26,0.62,0.92,-9.98,0.78,0.81,0.03,113.45,3.49
"Song 2527","Artist 42","R&B",2024,27,0.63,0.38,-13.32,0.47,0.87,0.89,86.87,4.47
"Song 2528","Artist 70","Metal",2025,93,0.99,0.84,-10.55,0.19,0.4,0.45,149.2,3.15
"Song 2529","Artist 68","Classical",2018,72,0.6,0.92,-13.87,0.46,0.45,0.17,139.24,5.69
"Song 2530","Artist 43","Indie",2022,22,0.91,0.93,-10.96,0.22,0.53,0.53,124.01,3.91
"Song 2531","Artist 80","Hip-Hop",2022,99,0.95,0.62,-4.05,0.38,0.86,0.85,77.48,5.07
"Song 2532","Artist 63","Classical",2015,73,0.67,0.79,-13.27,0.3,0.68,0.89,127.96,3.16
"Song 2533","Artist 40","R&B",2017,92,0.5,0.99,-4.42,0.73,0.61,0.81,124.49,4.31
"Song 2534","Artist 95","R&B",2024,28,0.64,0.85,-4.43,0.09,0.34,0.6,88.99,3.23
"Song 2535","Artist 90","Country",2020,58,0.75,0.81,-14.13,0.8,0.22,0.96,105.93,3.52
"Song 2536","Artist 46","Classical",2017,48,0.26,0.29,-7.04,0.42,0.85,0.54,74.05,5.45
"Song 2537","Artist 20","Indie",2019,84,0.88,0.96,-5.76,0.59,0.89,0.24,153.7,3.16
"Song 2538","Artist 7","Rock",2015,57,0.66,0.35,-13.97,0.62,0.08,0.4,87.61,5.77
"Song 2539","Artist 73","Metal",2018,69,0.7,0.23,-2.75,0.21,0.66,0.77,167.52,2.82
"Song 2540","Artist 84","Classical",2019,76,0.92,0.35,-12.66,0.24,0.34,0.86,90.34,3.05
"Song 2541","Artist 53","Hip-Hop",2025,74,0.85,0.45,-4.48,0.42,0.19,0.23,148,2.68
"Song 2542","Artist 11","Indie",2024,47,0.74,0.28,-7.29,0.13,0.78,0.09,87.88,5.46
"Song 2543","Artist 49","Country",2019,70,0.97,0.36,-9.74,0.14,0.18,0.19,78.94,4.62
"Song 2544","Artist 2","Metal",2020,75,0.52,0.42,-11.99,0.66,0.16,0.18,92.52,5.68
"Song 2545","Artist 29","Metal",2018,81,0.92,0.94,-6.28,0.65,0.53,0.54,119.43,2.59
"Song 2546","Artist 87","Electronic",2023,81,0.82,0.59,-11.1,0.38,0.89,0.02,119.08,5.96
"Song 2547","Artist 37","Indie",2017,85,0.7,0.43,-8.21,0.02,0,0.07,111.38,3.81
"Song 2548","Artist 85","Metal",2017,91,0.57,0.51,-8.5,0.48,0.69,0.23,133.41,5.16
"Song 2549","Artist 30","Jazz",2018,32,0.29,0.52,-9.17,0.91,0.64,0.81,139.78,5.12
"Song 2550","Artist 52","Hip-Hop",2015,64,0.59,0.89,-6.06,0.53,0.44,0.87,151.39,5.19
"Song 2551","Artist 6","Classical",2016,54,0.4,0.48,-11.54,0.86,0.4,0.28,148.77,5.4
"Song 2552","Artist 63","Indie",2018,57,0.77,0.75,-7.43,0.44,0.38,0.62,104.12,2.51
"Song 2553","Artist 55","Hip-Hop",2019,26,0.58,0.31,-5.18,0.81,0.99,0.62,137.86,5.94
"Song 2554","Artist 96","Pop",2017,25,0.31,0.38,-3.87,0.6,0.83,0.19,167.68,4.93
"Song 2555","Artist 35","Hip-Hop",2021,58,0.77,0.9,-12.91,0.67,0.85,0.55,150.86,2.25
"Song 2556","Artist 27","Metal",2025,55,0.67,0.45,-10.44,0.04,0.88,0.04,75.66,2.02
"Song 2557","Artist 78","Jazz",2023,83,0.79,0.47,-13.41,0.54,0.51,0.98,84.89,2.93
"Song 2558","Artist 41","Pop",2020,60,0.25,0.9,-13.46,0.03,0.27,0.37,86.9,4.06
"Song 2559","Artist 60","Country",2015,87,0.56,0.89,-14.52,0.78,0.58,0.59,112.11,5.66
"Song 2560","Artist 32","Rock",2021,68,1,0.24,-6.73,0.27,0.24,0.28,112.24,2.36
"Song 2561","Artist 60","Hip-Hop",2018,32,0.81,0.45,-6.33,0.34,0.32,0.53,76.46,5.89
"Song 2562","Artist 84","R&B",2023,69,0.64,0.49,-9.79,0.25,0.42,0.68,148.08,3.6
"Song 2563","Artist 86","Country",2019,92,0.86,0.72,-11.53,0.12,0.77,0.3,82.98,5.29
"Song 2564","Artist 4","Jazz",2016,80,0.27,0.48,-10.95,0.41,0.76,0.87,86,4.83
"Song 2565","Artist 51","Classical",2019,34,0.42,0.4,-6.46,0.53,0.6,0.87,147.39,3.33
"Song 2566","Artist 94","Indie",2025,60,0.29,0.41,-9.32,0.77,0.86,0.91,157.5,5.32
"Song 2567","Artist 40","Country",2021,28,0.61,0.25,-11.03,0.8,0.67,0.26,82.81,2.25
"Song 2568","Artist 38","Classical",2020,96,0.82,0.6,-2.04,0.39,0.85,0.16,136.09,4.03
"Song 2569","Artist 34","Jazz",2016,35,0.27,0.58,-14.95,0.76,0.46,0.38,97.35,5.61
"Song 2570","Artist 18","Classical",2021,78,0.22,0.24,-14.74,0.41,0.84,0.55,165.41,4.03
"Song 2571","Artist 86","Electronic",2022,22,0.73,0.51,-9.82,0.39,0.38,0.3,174.03,4.08
"Song 2572","Artist 35","Country",2025,24,0.34,0.29,-8.21,0.82,0.23,0.93,135.21,4.91
"Song 2573","Artist 30","Rock",2016,63,0.83,0.39,-9.1,0.26,0.15,0.69,79.68,4.36
"Song 2574","Artist 3","R&B",2024,95,0.41,0.88,-10.28,0.74,0.85,0.55,160,5.17
"Song 2575","Artist 72","Pop",2016,100,0.4,0.33,-13.42,0.3,0.3,0.62,154.14,3.52
"Song 2576","Artist 73","Rock",2024,59,0.35,0.92,-11.69,0.58,0.34,0.32,134.5,5.79
"Song 2577","Artist 32","Indie",2017,98,0.92,0.24,-9.54,0.53,0.58,0.74,119.9,3.93
"Song 2578","Artist 95","Electronic",2016,35,0.88,0.27,-8.82,0.42,0.21,0.09,171.43,5.17
"Song 2579","Artist 30","Classical",2024,49,0.65,0.61,-7.64,0.86,0.88,0.07,151.22,2.21
"Song 2580","Artist 25","R&B",2024,29,0.43,0.39,-11.98,0.85,0.28,0.61,87.59,5.98
"Song 2581","Artist 44","Pop",2025,49,0.89,0.43,-13.01,0.46,0.08,0.43,82.63,4.03
"Song 2582","Artist 19","Country",2023,61,0.33,0.76,-14.29,0.45,0.01,0.04,145.11,4.98
"Song 2583","Artist 66","Jazz",2024,43,0.38,0.86,-14.25,0.91,0.56,0.73,110.91,3.4
"Song 2584","Artist 44","Metal",2015,91,0.81,0.78,-14.07,0.99,0.86,0.96,144.25,3.72
"Song 2585","Artist 85","R&B",2019,25,0.24,0.76,-15,0.47,0.31,0.44,161.78,5.06
"Song 2586","Artist 18","Electronic",2018,57,0.92,0.26,-8.29,0.93,0.33,0.71,84.45,5.49
"Song 2587","Artist 74","Classical",2015,43,0.42,0.93,-13.69,0.88,0.33,0.61,100.88,4.86
"Song 2588","Artist 51","Pop",2015,76,0.95,0.82,-2.75,0.41,0.38,0.8,139.98,5.19
"Song 2589","Artist 47","Metal",2015,90,0.45,0.93,-11.06,0.95,0.14,0.14,117.17,3.6
"Song 2590","Artist 47","Jazz",2017,91,0.7,0.96,-10.12,0.29,0.43,0.77,101.94,5.81
"Song 2591","Artist 3","Electronic",2017,31,0.41,0.36,-10,0.18,0.89,0.73,134.04,3.81
"Song 2592","Artist 70","Hip-Hop",2017,86,0.86,0.51,-4.99,0.87,0.97,0.73,151.4,5.61
"Song 2593","Artist 48","Classical",2019,29,0.61,0.72,-13.99,0.39,0.62,0.34,140.65,3.33
"Song 2594","Artist 55","Electronic",2017,49,0.88,0.36,-6.42,0.37,0.73,0.18,139.06,4.68
"Song 2595","Artist 44","Rock",2017,35,0.88,0.93,-14.64,0.95,0.36,0.5,167.04,4.07
"Song 2596","Artist 31","Rock",2024,69,0.34,0.71,-10.06,0.05,0.11,0.88,111.49,4.41
"Song 2597","Artist 47","Rock",2022,38,0.98,0.6,-14.59,0.08,0.92,0.75,179.77,4.61
"Song 2598","Artist 52","Indie",2022,54,0.41,0.94,-2.62,0.25,0.08,0.29,88.9,3.48
"Song 2599","Artist 97","Pop",2024,21,0.94,0.39,-12.92,0.44,0.09,0.46,174.61,5.31
"Song 2600","Artist 61","Jazz",2018,88,0.53,0.81,-3.74,0.98,0.48,0.38,89.72,3.19
"Song 2601","Artist 20","R&B",2023,82,0.46,0.87,-5.66,0.71,0.66,0,112.2,3.34
"Song 2602","Artist 70","Metal",2019,69,0.63,0.37,-10.32,0.92,0.94,0.66,142.94,3.2
"Song 2603","Artist 51","Electronic",2025,71,0.58,0.34,-4.72,0.39,0.68,0.44,145.88,5.53
"Song 2604","Artist 56","Classical",2018,37,0.45,0.45,-4.26,0.2,0.76,0.77,80.09,4.86
"Song 2605","Artist 86","Electronic",2018,62,0.53,0.59,-5.18,0.41,0.36,0.9,171.91,2.74
"Song 2606","Artist 44","R&B",2022,27,0.88,0.41,-7.44,0.3,0.6,0.39,118.25,3.62
"Song 2607","Artist 44","Metal",2022,50,0.88,0.28,-8.44,0.2,0.87,0.82,113.22,5.28
"Song 2608","Artist 58","Electronic",2025,33,0.31,0.39,-13.29,0.48,0.7,0.31,161.26,3.39
"Song 2609","Artist 34","Metal",2023,62,0.74,0.6,-7.42,0.24,0.6,0.38,119.15,5.72
"Song 2610","Artist 70","Hip-Hop",2024,94,0.27,0.59,-12.99,0.79,0.64,0.07,84.73,2.35
"Song 2611","Artist 74","Jazz",2018,76,0.97,0.99,-13.48,0.41,0.41,0.57,121.71,4.8
"Song 2612","Artist 7","Jazz",2015,27,0.89,0.69,-3.35,0.48,0.03,0.68,148.63,2.17
"Song 2613","Artist 17","Country",2019,94,0.53,0.62,-8.42,0.67,0.42,0.96,159.48,3.69
"Song 2614","Artist 40","Pop",2023,46,0.83,0.44,-12.94,0.75,0.08,0.87,140.31,4.41
"Song 2615","Artist 53","Classical",2024,54,0.56,0.62,-5.57,0.14,0.33,0.46,127.52,5.71
"Song 2616","Artist 37","Pop",2025,56,0.35,0.39,-10.56,0.46,0.34,0.56,143.46,2.54
"Song 2617","Artist 79","Pop",2016,25,0.46,0.33,-7.76,0.45,0.07,0.47,71.25,5.74
"Song 2618","Artist 81","Pop",2024,43,0.67,0.38,-11.54,0.7,0.53,0.6,85.39,2.99
"Song 2619","Artist 15","Rock",2016,44,0.22,0.77,-12.04,0.02,0.54,0.76,146.96,3.9
"Song 2620","Artist 45","Jazz",2020,98,0.51,0.33,-9.91,0.72,0.72,0.4,134.35,2.12
"Song 2621","Artist 49","Country",2015,38,0.99,0.47,-4.98,0.14,0.85,0.46,110.94,2.63
"Song 2622","Artist 81","Electronic",2023,56,0.84,0.47,-9.45,0.7,0.49,0.31,157.49,5.4
"Song 2623","Artist 21","Classical",2022,51,0.22,0.63,-2.51,0.02,0.22,0.52,119.76,3.58
"Song 2624","Artist 30","Jazz",2021,58,0.41,0.49,-10.08,0.75,0.83,0.97,106.24,3.84
"Song 2625","Artist 36","Hip-Hop",2017,60,0.45,0.51,-4.05,0.91,0.92,0.47,172.89,3.77
"Song 2626","Artist 54","Rock",2019,20,0.32,0.85,-8.22,0.44,0.44,0.34,138.79,3.13
"Song 2627","Artist 66","R&B",2023,38,0.41,0.75,-3.03,0.14,0.04,0.23,149.14,5.71
"Song 2628","Artist 12","Jazz",2022,44,0.96,0.73,-12.53,0.06,0.34,0.03,163.43,2.02
"Song 2629","Artist 27","Hip-Hop",2016,47,0.2,0.89,-11.98,0.55,0.31,0.65,132.49,4.42
"Song 2630","Artist 67","Pop",2022,97,0.73,1,-6.85,0.78,0.55,0.18,75.6,3.21
"Song 2631","Artist 19","Indie",2016,40,0.26,0.42,-10.73,0.95,0.93,0.99,138.91,4.73
"Song 2632","Artist 34","Jazz",2018,90,0.64,0.49,-8.43,0.7,0.19,0.27,78.92,5.31
"Song 2633","Artist 24","Indie",2025,36,0.54,0.93,-10.51,0.15,0.43,0.29,153.55,2.12
"Song 2634","Artist 36","Electronic",2016,69,0.95,0.48,-8.12,0.17,0.03,0.35,161.77,3.24
"Song 2635","Artist 27","Hip-Hop",2023,88,0.63,0.6,-11.67,0.6,0.83,0.32,154.67,5.82
"Song 2636","Artist 78","Electronic",2017,56,0.46,0.31,-10.32,0.57,0.67,0.71,122.61,4.96
"Song 2637","Artist 40","Hip-Hop",2016,85,0.2,0.44,-2.98,0.7,0.04,0.44,160.52,4.92
"Song 2638","Artist 49","Pop",2015,21,0.8,0.66,-5.44,0.51,0.92,0.25,70.76,5.52
"Song 2639","Artist 85","Classical",2023,23,0.84,0.91,-7.9,0.36,0.16,0.17,110.65,3.5
"Song 2640","Artist 62","Rock",2021,53,0.36,0.66,-14.13,0.51,0.62,0.36,129.66,3.3
"Song 2641","Artist 22","Indie",2022,53,0.25,0.82,-4,0.25,0.93,0.07,139.88,5.48
"Song 2642","Artist 98","Country",2018,89,0.46,0.39,-8.48,0.58,0.7,0.73,97.87,2.91
"Song 2643","Artist 87","Metal",2025,52,0.35,0.6,-10.13,0.25,0.95,0.39,85.76,2.92
"Song 2644","Artist 24","R&B",2024,90,0.94,0.28,-4.74,0.65,0.63,0.52,97.19,4.89
"Song 2645","Artist 37","Classical",2024,38,0.42,0.47,-7.82,0.88,0.71,0.67,166.62,4.01
"Song 2646","Artist 99","Indie",2024,73,0.37,0.94,-4.53,0.23,0.65,0.69,160.49,3.86
"Song 2647","Artist 36","R&B",2016,37,0.65,0.77,-9.18,0.1,0.17,0.52,132.78,2.75
"Song 2648","Artist 45","Classical",2018,85,0.77,1,-6.04,0.85,0.29,0.61,115.69,3.52
"Song 2649","Artist 59","Jazz",2022,58,0.39,0.37,-12.63,1,0.7,0.72,117.13,3.41
"Song 2650","Artist 48","Indie",2023,95,0.34,0.54,-7.79,0.37,0.29,0.73,93.95,2.91
"Song 2651","Artist 77","R&B",2020,32,0.83,0.73,-12.2,0.19,0.86,0.38,126.94,4.98
"Song 2652","Artist 4","Metal",2020,60,0.87,0.61,-12.67,0.55,0.09,0.14,173.48,4.8
"Song 2653","Artist 63","Pop",2022,78,0.74,0.27,-8.47,0.87,0.74,0.61,118.55,5.19
"Song 2654","Artist 16","Classical",2019,73,0.76,0.66,-13.66,0.16,0.18,0.13,82.83,3.34
"Song 2655","Artist 62","Jazz",2022,33,0.28,0.88,-13.95,0.01,0.98,0.98,148.61,4.35
"Song 2656","Artist 23","Indie",2023,61,0.23,0.66,-6.88,0.1,0.64,0.2,132.09,4.15
"Song 2657","Artist 32","Classical",2024,97,0.36,0.98,-4.51,0.13,0.57,0.11,160.77,2.16
"Song 2658","Artist 23","Pop",2022,29,0.24,0.79,-3.39,0.58,0.6,0.74,163.11,5.76
"Song 2659","Artist 69","R&B",2021,98,0.22,0.71,-8.94,0.76,0.05,0.5,156.36,3.76
"Song 2660","Artist 76","Electronic",2024,59,0.83,0.48,-3.42,0.11,0.3,0,114.58,3.47
"Song 2661","Artist 97","Indie",2016,89,0.48,0.92,-5.48,0.05,0.75,0.02,124.92,2.74
"Song 2662","Artist 54","Pop",2020,29,0.33,0.21,-13.72,0.12,0.81,0.67,96.28,4.4
"Song 2663","Artist 83","Rock",2018,65,0.84,0.23,-5.47,0.8,0.84,0.9,106.82,3.2
"Song 2664","Artist 58","Metal",2024,37,0.87,0.88,-9.18,0.08,0.2,0.8,156.16,3.94
"Song 2665","Artist 16","R&B",2015,84,0.44,0.21,-3.17,0.91,0.68,0.28,143.15,3.93
"Song 2666","Artist 44","Country",2019,39,0.21,0.67,-14.1,0.47,0.7,0.3,173.9,4.63
"Song 2667","Artist 10","Hip-Hop",2025,49,0.53,0.95,-13.06,0.66,0.29,0.98,147.66,2.07
"Song 2668","Artist 59","Rock",2016,47,1,0.66,-9.88,0.5,0.52,0.91,84.87,5.9
"Song 2669","Artist 8","Jazz",2018,21,0.3,0.45,-11.28,0.51,0.94,0.07,167.57,5.3
"Song 2670","Artist 63","Pop",2020,56,0.55,0.31,-7.77,0.56,0.34,0.44,76.86,4.58
"Song 2671","Artist 20","Jazz",2019,34,0.26,0.26,-7.2,0.13,0.04,0.89,119.2,3.34
"Song 2672","Artist 18","Rock",2016,78,0.81,0.6,-5.19,0.44,0.07,0.55,99.71,4
"Song 2673","Artist 38","Indie",2015,74,0.5,0.88,-13.12,0.01,0.5,0.98,165.47,4.92
"Song 2674","Artist 31","Electronic",2021,35,0.3,0.59,-9.91,0.02,0.67,0.66,113.13,3.64
"Song 2675","Artist 34","Classical",2019,56,0.41,0.47,-5.66,0.02,0.54,0.51,115.33,2.93
"Song 2676","Artist 49","Jazz",2017,85,0.94,0.66,-10.19,0.52,0.79,0.14,105.96,3.78
"Song 2677","Artist 59","Country",2018,30,0.31,0.29,-5.22,0.75,0.16,0.31,146.97,3.25
"Song 2678","Artist 91","Pop",2015,26,0.76,0.65,-5.45,0.91,0.8,0.21,75.9,4.52
"Song 2679","Artist 76","Country",2021,31,0.62,0.64,-9.9,0.52,0.61,0.27,153.19,5.56
"Song 2680","Artist 77","Country",2018,66,0.47,0.36,-14.35,0.76,0.45,0.02,167.16,3.66
"Song 2681","Artist 28","Jazz",2016,93,0.21,0.48,-8.3,0.13,0.26,0.01,155.84,5.86
"Song 2682","Artist 50","Rock",2021,99,0.2,0.76,-11.3,0.25,0.5,0.01,163.39,3.13
"Song 2683","Artist 28","Hip-Hop",2018,45,0.35,0.43,-12.07,0.49,0.75,0.62,124.87,2.79
"Song 2684","Artist 44","Indie",2020,87,0.38,0.63,-13.69,0.26,0.51,0.67,163.04,4.52
"Song 2685","Artist 7","Metal",2023,54,0.82,0.75,-7.91,0.76,0.51,0.6,164.4,5.23
"Song 2686","Artist 93","Pop",2024,45,0.52,0.53,-2.1,0.86,0.08,0.21,94.47,4.08
"Song 2687","Artist 74","Indie",2023,82,0.59,0.28,-12.48,0.3,0.72,0.16,117.06,3.21
"Song 2688","Artist 72","Hip-Hop",2021,62,0.34,0.49,-8.36,0.1,0.27,0.15,82.97,4.56
"Song 2689","Artist 76","Rock",2021,52,0.94,0.27,-12.09,0.99,0.42,0.99,160.98,3.91
"Song 2690","Artist 46","Country",2025,77,0.74,0.93,-12.71,0.96,0.34,0.35,148.76,5.66
"Song 2691","Artist 32","Rock",2016,26,0.76,0.57,-14.73,0,0.76,0.13,149.98,5.39
"Song 2692","Artist 85","Country",2016,68,0.21,0.46,-2.75,0.1,0.24,0.1,168.71,5.81
"Song 2693","Artist 95","Jazz",2024,57,0.32,0.64,-4.22,0.57,0.62,0.25,175.44,2.64
"Song 2694","Artist 58","Country",2017,98,0.64,0.65,-3.94,0.31,0.63,0.43,150.97,4.5
"Song 2695","Artist 19","Metal",2017,66,0.66,0.49,-13.79,0.69,0.54,0.69,116.43,4.02
"Song 2696","Artist 88","Country",2024,97,0.38,0.74,-6.04,0.11,0.01,0.03,152.49,5.44
"Song 2697","Artist 73","Electronic",2019,64,0.65,0.73,-4.01,0.39,0.99,0.43,72.01,5.72
"Song 2698","Artist 8","Metal",2019,42,0.6,0.84,-4.74,0.06,0.24,0.17,113.26,5.37
"Song 2699","Artist 98","Electronic",2016,90,0.94,0.77,-11.99,0.15,0.86,0.79,144.77,3.27
"Song 2700","Artist 90","Metal",2025,72,0.37,0.81,-6.25,0.42,0.48,0.4,113.9,3.29
"Song 2701","Artist 93","R&B",2022,56,0.58,0.99,-11.67,0.07,0.57,0.91,168.38,2.15
"Song 2702","Artist 41","Hip-Hop",2022,35,0.7,0.46,-2.38,0.6,0.35,0.52,82.65,2.47
"Song 2703","Artist 42","Jazz",2023,64,0.82,0.7,-8.8,0.61,0.37,0.35,111.73,3.12
"Song 2704","Artist 39","Electronic",2021,74,0.93,0.48,-7.76,0.16,0.88,0.17,103.47,2.1
"Song 2705","Artist 23","R&B",2015,78,0.65,0.8,-11.71,0.13,0.58,0.74,136.18,3.75
"Song 2706","Artist 27","Rock",2024,96,0.84,0.87,-2.02,0.97,0.37,0.84,96.24,3.85
"Song 2707","Artist 4","Classical",2019,80,0.5,0.37,-7.37,0.74,1,0.77,106.99,3.92
"Song 2708","Artist 34","Hip-Hop",2018,47,0.28,0.54,-4.8,0.97,0.93,0.84,177.6,2.51
"Song 2709","Artist 26","Pop",2015,55,0.89,0.91,-13.66,0.39,0.79,0.54,77.41,3.23
"Song 2710","Artist 47","Rock",2016,22,0.63,0.84,-7.93,0.31,0.54,0.88,157.26,5.38
"Song 2711","Artist 64","Rock",2017,98,0.29,0.67,-8.62,0.39,0.74,0.79,90.39,3.2
"Song 2712","Artist 65","Classical",2023,30,0.69,0.22,-9.1,0.63,0.77,0.29,125.21,5.67
"Song 2713","Artist 71","Hip-Hop",2019,27,0.26,0.95,-4.1,0.54,0.65,0.57,150,5
"Song 2714","Artist 17","Classical",2022,81,0.64,0.73,-6.04,0.84,0.14,0.45,156.84,3.57
"Song 2715","Artist 95","Classical",2024,23,0.43,0.76,-10.1,0.2,0.09,0.74,121.75,4.59
"Song 2716","Artist 43","Country",2024,57,0.93,0.58,-14.91,0.11,0.77,0.87,94.24,2.32
"Song 2717","Artist 36","Pop",2017,99,0.65,0.47,-5.52,0.07,0.62,0.47,122.25,3.49
"Song 2718","Artist 100","Rock",2022,33,0.39,0.68,-5.88,0.78,0.77,0.2,147.2,5.14
"Song 2719","Artist 38","Pop",2018,27,0.29,0.75,-14.33,0.81,0.97,0.41,153.06,3.84
"Song 2720","Artist 84","Jazz",2025,47,0.48,0.39,-14.3,0.2,0.38,0.93,105.27,4.06
"Song 2721","Artist 60","Indie",2022,60,0.27,0.79,-5.04,0.2,0.22,0,121.93,3.07
"Song 2722","Artist 17","Jazz",2021,34,0.47,0.21,-12.84,0.05,0.42,0.4,113.73,5.14
"Song 2723","Artist 64","Metal",2020,38,0.48,0.35,-6.23,0.82,0.66,0.88,121.45,3.26
"Song 2724","Artist 59","Hip-Hop",2022,99,0.66,0.82,-12.22,0.64,0.9,0.33,110.98,3.42
"Song 2725","Artist 26","Classical",2016,91,0.93,0.22,-11.11,0.38,0.42,0.67,130.27,2.21
"Song 2726","Artist 81","Electronic",2018,64,0.39,0.23,-2.5,0.82,0.04,0.29,115.79,5.45
"Song 2727","Artist 32","Country",2018,84,0.96,0.97,-12.29,0.23,0.66,0.35,171.49,4.77
"Song 2728","Artist 90","Country",2023,23,0.47,0.35,-14.25,0.95,0.82,0.84,105.98,4.92
"Song 2729","Artist 71","Electronic",2021,29,0.96,0.83,-2.16,0.84,0.73,0.25,75.94,5.92
"Song 2730","Artist 69","Jazz",2021,60,0.98,0.52,-2.23,0.82,0.11,0.22,155.67,4.43
"Song 2731","Artist 29","Metal",2023,31,0.35,0.41,-9.48,0.82,0.88,0.28,75.52,3.2
"Song 2732","Artist 88","R&B",2023,28,0.96,0.59,-11.01,0.96,0.13,0.82,163,5.6
"Song 2733","Artist 21","Indie",2017,56,0.57,0.65,-8.78,0.01,0.49,0.33,86.56,5.72
"Song 2734","Artist 48","Pop",2021,63,0.78,0.54,-3,0,0.46,0.6,76.6,2.13
"Song 2735","Artist 85","Pop",2016,84,0.73,0.97,-9.13,0.1,0.1,0.14,114.78,2.38
"Song 2736","Artist 37","Indie",2025,23,0.49,0.6,-6.68,0.94,0.38,0.91,100.57,3.31
"Song 2737","Artist 11","Metal",2021,87,0.59,0.53,-9.2,0.28,0.81,0.92,130.31,2.83
"Song 2738","Artist 58","Jazz",2024,24,0.55,0.86,-12,0.88,0.84,0.6,175.25,5.7
"Song 2739","Artist 96","Electronic",2020,30,0.89,0.3,-2.31,0.04,0.57,0.28,174.92,4.68
"Song 2740","Artist 87","Hip-Hop",2020,75,0.34,0.53,-4.07,0.33,0.73,0.19,166.73,3.36
"Song 2741","Artist 11","Classical",2017,51,0.92,0.65,-7.16,0.29,0.44,0.83,89.9,3.42
"Song 2742","Artist 87","Metal",2019,42,0.37,0.75,-2.48,0.8,0.94,0.63,118.41,2.31
"Song 2743","Artist 100","Classical",2019,25,0.89,0.53,-9.92,0.38,0.8,0.88,117.6,3.66
"Song 2744","Artist 22","R&B",2020,52,0.9,0.21,-8.04,0.43,0.34,0.6,129.97,2.35
"Song 2745","Artist 92","Jazz",2023,51,0.28,0.21,-3.55,0.12,0.58,0.46,125.87,4.77
"Song 2746","Artist 17","Country",2015,70,0.83,0.64,-9.09,0.48,0.87,0.3,153.14,2.22
"Song 2747","Artist 79","Country",2023,30,0.73,0.23,-8.83,0.35,0.53,0.06,88.77,2.32
"Song 2748","Artist 34","Pop",2017,56,0.22,0.58,-4,0.77,0.78,0.79,140.06,2.04
"Song 2749","Artist 97","R&B",2015,38,0.4,0.95,-2.87,0.12,0.31,0.81,179.73,2.03
"Song 2750","Artist 73","R&B",2024,80,0.72,0.75,-10.16,0.29,0.99,0.14,99.52,5.77
"Song 2751","Artist 35","Electronic",2017,81,0.39,0.25,-14.82,0.6,0.66,0.78,108.96,5.44
"Song 2752","Artist 4","Rock",2019,95,0.99,0.43,-12.72,0.73,0.11,0.13,76.87,3.65
"Song 2753","Artist 41","Hip-Hop",2020,100,0.54,0.83,-13.97,0.78,0.36,0.9,129.19,3.15
"Song 2754","Artist 75","Country",2022,84,0.5,0.89,-6.18,0.13,0.23,0.53,114.83,5.89
"Song 2755","Artist 83","Hip-Hop",2021,72,0.83,0.48,-7.64,0.49,0.5,0.72,114.42,2.57
"Song 2756","Artist 41","Hip-Hop",2017,54,0.65,0.66,-8.83,0.84,0.84,0.39,170.57,3.78
"Song 2757","Artist 42","Pop",2021,25,0.85,0.27,-6.04,0.49,0.59,0.03,146.54,2.41
"Song 2758","Artist 16","R&B",2017,90,0.76,0.52,-9.75,0.96,0.13,0.79,175.65,4.91
"Song 2759","Artist 13","Rock",2018,24,0.87,0.34,-5.09,0.42,0.28,0.31,167.81,2.47
"Song 2760","Artist 24","Country",2021,72,0.57,0.42,-4.97,0.53,0.12,0.61,151.53,3.72
"Song 2761","Artist 86","R&B",2023,43,0.31,0.96,-7.79,0.6,0.53,0.61,102.44,5.35
"Song 2762","Artist 77","Hip-Hop",2022,35,0.37,0.86,-4.43,0.53,0.93,0.3,137.97,3.68
"Song 2763","Artist 47","R&B",2020,60,0.88,0.74,-9.71,0.77,0.6,0.28,108.1,3.54
"Song 2764","Artist 4","Country",2015,82,0.38,0.23,-14.88,0.24,0.24,0.83,178.37,5.37
"Song 2765","Artist 72","R&B",2019,43,0.49,0.21,-14.44,0.63,0.1,0.79,117.98,5.68
"Song 2766","Artist 10","Hip-Hop",2020,74,0.71,0.32,-5.06,0.89,0.22,0.46,172.7,5.78
"Song 2767","Artist 37","R&B",2018,38,0.63,0.34,-3.38,0.7,0.84,0.93,104.29,4.2
"Song 2768","Artist 18","Rock",2024,100,0.31,0.25,-3.36,0.14,0.15,0.45,146,3.65
"Song 2769","Artist 78","Jazz",2023,66,0.46,0.72,-12.37,0.45,0.02,0.2,113.02,4.32
"Song 2770","Artist 22","Pop",2024,66,0.91,0.94,-10.43,0.48,0.07,0.73,164.21,3.88
"Song 2771","Artist 93","Pop",2022,62,0.43,0.53,-6.1,0.85,0.6,0.46,91.9,5.03
"Song 2772","Artist 19","Metal",2016,39,0.77,0.84,-5.72,0.43,0.9,0.27,134.81,2.19
"Song 2773","Artist 83","Electronic",2015,39,0.75,0.34,-13.87,0.12,0.14,0.86,108.06,4.82
"Song 2774","Artist 50","Indie",2021,89,0.81,0.23,-6.31,0.82,0.28,0.39,132.21,4.47
"Song 2775","Artist 38","Rock",2018,34,0.98,0.9,-7.52,0.92,0.45,0.44,82.93,2.18
"Song 2776","Artist 40","Hip-Hop",2020,86,0.67,0.5,-7.89,0.36,0.58,0.72,148.65,2.6
"Song 2777","Artist 7","Electronic",2024,55,0.39,1,-9.68,0.15,0.73,0.95,84.41,3.65
"Song 2778","Artist 95","Jazz",2020,34,0.82,0.85,-7.82,0.53,0.97,0.17,174.35,3.01
"Song 2779","Artist 36","Pop",2023,88,0.55,0.9,-6.77,0.28,0.48,0.82,102.56,5.59
"Song 2780","Artist 12","Country",2016,20,0.99,0.88,-5.55,0.12,0.31,0.24,94.09,2.78
"Song 2781","Artist 10","Jazz",2023,56,0.37,0.78,-6.9,0.48,0.56,0.57,143.81,3.79
"Song 2782","Artist 60","Hip-Hop",2021,47,0.72,0.95,-3.03,0.44,0.35,0.25,176.19,5.68
"Song 2783","Artist 10","Pop",2023,57,0.92,0.26,-6.17,0.46,0.1,0.95,162.43,2.44
"Song 2784","Artist 79","Hip-Hop",2025,31,0.48,0.58,-4.8,0.24,0.66,0.32,175.86,3.48
"Song 2785","Artist 74","Pop",2024,97,0.67,0.9,-7.87,0.66,0.42,0.66,95.32,4.72
"Song 2786","Artist 93","Metal",2016,71,0.43,0.82,-6.74,0.34,0.72,0.72,71.37,3.54
"Song 2787","Artist 75","Rock",2021,82,0.7,0.95,-8.65,0.07,0.92,0.42,141.75,3.93
"Song 2788","Artist 44","Country",2017,27,0.98,0.62,-3.07,0.41,0.61,0.32,97.69,3.26
"Song 2789","Artist 61","Pop",2025,47,0.51,0.24,-5.66,0.73,0.36,0.17,150.47,2.12
"Song 2790","Artist 54","Metal",2022,58,0.53,0.72,-6.22,0.8,0.43,0.69,91.96,2.48
"Song 2791","Artist 66","Electronic",2022,76,0.46,0.78,-8.31,0.42,0.92,0.77,79.84,4.52
"Song 2792","Artist 33","Metal",2023,55,0.7,0.38,-8.07,0.71,0.91,0.08,79.42,2.52
"Song 2793","Artist 21","Metal",2022,100,0.54,0.44,-6.46,0.13,0.34,0.81,142.08,5.93
"Song 2794","Artist 19","Country",2018,31,0.41,0.52,-5.59,0.39,0.84,0.81,119.87,2.03
"Song 2795","Artist 79","Country",2024,87,0.36,0.54,-5.07,0.79,0.26,0.95,120.96,4.27
"Song 2796","Artist 45","Hip-Hop",2025,24,0.33,0.64,-11.44,0.1,0.75,0.04,73.74,5.2
"Song 2797","Artist 6","Classical",2016,56,0.22,0.89,-11.16,0.96,0.2,0.93,124.27,3.48
"Song 2798","Artist 67","Rock",2021,65,0.43,0.98,-5.45,0.51,0.42,0.24,100.47,4.06
"Song 2799","Artist 90","Jazz",2020,20,0.39,0.48,-10.32,0.5,0.98,0.28,119.81,2.3
"Song 2800","Artist 36","Electronic",2021,27,0.71,0.58,-3.95,0.77,0.66,0.94,132.84,3.75
"Song 2801","Artist 74","Country",2021,27,0.49,0.51,-2.69,0.09,0.3,0.24,145.22,2.42
"Song 2802","Artist 67","Rock",2022,84,0.22,0.84,-8.68,0.63,0.42,0.34,156.78,3.78
"Song 2803","Artist 4","Rock",2022,78,0.45,0.68,-6.86,0.6,0.6,0.23,99.36,5
"Song 2804","Artist 38","Classical",2019,34,0.4,0.73,-6.51,0.85,0.49,0.44,75.45,3.09
"Song 2805","Artist 79","Rock",2016,91,0.82,0.37,-13.72,1,0.33,0.36,177.63,3.28
"Song 2806","Artist 39","R&B",2021,41,0.66,0.29,-12.1,0.57,0.36,0.8,99.01,5.53
"Song 2807","Artist 66","Electronic",2020,30,0.36,0.56,-10.81,0.75,0.4,0.05,115.57,4.23
"Song 2808","Artist 88","Country",2022,66,0.36,0.24,-11.53,0.35,0.86,0.31,152.95,3.37
"Song 2809","Artist 13","Jazz",2016,96,0.58,0.51,-12.77,0.6,0.2,0.71,83.87,4.8
"Song 2810","Artist 63","Indie",2025,91,0.79,0.87,-12.08,0.59,0.36,0.58,85.14,4.59
"Song 2811","Artist 95","Classical",2020,94,0.89,0.31,-13.49,0.93,0.55,0.5,137.62,4.91
"Song 2812","Artist 24","Rock",2021,55,0.57,0.89,-12.75,0.08,0.42,0.94,150.79,3.61
"Song 2813","Artist 70","Indie",2019,24,0.23,0.98,-11.62,0.45,0.54,0.24,148.84,2.68
"Song 2814","Artist 66","Pop",2020,34,0.32,0.23,-9.59,0.06,0.87,0.03,150.44,2.06
"Song 2815","Artist 30","Electronic",2018,26,0.3,0.62,-6.67,0.02,0.53,0.46,123.63,4.11
"Song 2816","Artist 12","Metal",2016,55,0.82,0.77,-12.15,0.67,0.16,0.76,94.97,5.55
"Song 2817","Artist 90","Electronic",2015,52,0.22,0.27,-9.99,0.27,0.27,0.25,148.8,3.03
"Song 2818","Artist 41","Pop",2024,100,0.66,0.92,-8,0.85,0.63,0.84,117.31,3.08
"Song 2819","Artist 59","Electronic",2024,38,0.85,0.88,-2.51,0.53,0.26,0.3,159.69,5.56
"Song 2820","Artist 44","Classical",2020,90,0.64,0.25,-9.52,0.18,0.61,0.26,80.11,4.47
"Song 2821","Artist 2","Electronic",2024,42,0.39,0.72,-14.78,0.59,0.07,0.52,128.11,2.9
"Song 2822","Artist 60","Metal",2015,49,0.93,0.45,-10.17,0.78,0.59,0.59,129.89,5.68
"Song 2823","Artist 43","Electronic",2015,38,0.59,0.91,-2.11,0.92,0.16,0.17,179,5.77
"Song 2824","Artist 41","Indie",2015,44,0.26,0.96,-5.6,0.6,0.87,0.32,165.43,3.63
"Song 2825","Artist 56","Electronic",2022,26,0.65,0.75,-13.89,0.46,0.38,0.59,111.73,5.56
"Song 2826","Artist 76","Metal",2017,64,0.2,0.76,-2.64,0.41,0.81,0.35,79.75,3.45
"Song 2827","Artist 65","Rock",2025,47,0.27,0.59,-13.87,0.77,0.69,0.6,156.22,2.98
"Song 2828","Artist 27","Hip-Hop",2025,64,0.97,0.35,-14.51,0.96,0.22,0.22,115.96,4.61
"Song 2829","Artist 34","Hip-Hop",2022,67,0.24,0.32,-8.2,0.76,0.5,0.58,135.26,4.5
"Song 2830","Artist 50","Metal",2016,58,0.7,0.41,-12.62,0.64,0.09,0.33,113.84,2.03
"Song 2831","Artist 39","Metal",2019,71,0.23,0.29,-11.26,0.45,0.16,0.73,76.95,5.36
"Song 2832","Artist 28","Classical",2023,100,0.64,0.32,-11.47,0.07,0.66,0.31,73.35,3.13
"Song 2833","Artist 69","Jazz",2020,33,0.5,0.85,-4.08,0.67,0.63,0.36,129.93,2.43
"Song 2834","Artist 47","Indie",2023,48,0.54,0.46,-13.84,0.84,0.46,0.17,81.14,5.49
"Song 2835","Artist 29","Jazz",2021,55,0.41,0.51,-12.17,0.5,0.83,0.6,125.91,2.04
"Song 2836","Artist 54","Rock",2023,78,0.85,0.84,-4.17,0.55,0.03,0.51,107.15,2.62
"Song 2837","Artist 21","Jazz",2019,24,0.51,0.38,-3.31,0.51,0.8,0.43,72.14,4.29
"Song 2838","Artist 69","Pop",2020,62,0.89,0.35,-3.99,0.93,0.54,0.64,144.94,3.2
"Song 2839","Artist 12","Hip-Hop",2023,84,0.68,0.79,-7.96,0.49,0.53,0.57,163.62,4.2
"Song 2840","Artist 36","Classical",2022,20,0.26,0.49,-5.37,0.56,0.28,0.86,110.32,5.27
"Song 2841","Artist 93","R&B",2021,39,0.25,0.27,-7.36,0.89,0.84,0.33,129.28,5.25
"Song 2842","Artist 68","Classical",2022,38,0.35,0.87,-10.66,0.16,0.71,0.53,114.05,4.92
"Song 2843","Artist 25","Rock",2025,20,0.62,0.96,-4.17,0.99,0.35,0.68,88.28,2.5
"Song 2844","Artist 1","Indie",2017,62,0.97,0.36,-5.34,0.26,0.8,0.6,128.59,5.74
"Song 2845","Artist 26","Metal",2023,98,0.9,0.63,-4.44,0.21,0.81,0.11,159.18,2.26
"Song 2846","Artist 52","Pop",2015,92,0.31,0.36,-11.81,0.94,0.14,0.34,114.53,5.2
"Song 2847","Artist 64","Pop",2025,38,0.64,0.68,-10.69,0.79,0.31,0.26,153.32,2.42
"Song 2848","Artist 80","Rock",2025,99,0.44,0.89,-6.73,0.52,0.82,0.14,89.22,4.33
"Song 2849","Artist 79","Indie",2025,92,0.44,0.48,-11.99,0.33,0.7,0.1,103.39,3
"Song 2850","Artist 14","Metal",2025,94,0.87,0.55,-7.98,0.21,0.49,0.12,113.27,3.13
"Song 2851","Artist 74","Pop",2020,97,0.95,0.83,-8.13,0.25,0.45,0.1,152.27,3.31
"Song 2852","Artist 92","Classical",2019,89,0.42,0.42,-2.94,0.96,0.21,0.62,93.74,5.67
"Song 2853","Artist 48","Country",2023,47,0.66,0.68,-10.95,0.08,0.95,0.95,114.11,3.27
"Song 2854","Artist 14","Classical",2021,56,0.96,0.75,-10.72,0.27,0.46,0.01,113.19,2.85
"Song 2855","Artist 61","Metal",2023,36,0.31,0.33,-2.58,0.18,0.94,0.49,123.31,4.44
"Song 2856","Artist 77","R&B",2025,55,0.46,0.78,-3.3,0.48,0.09,0.05,85.62,2.66
"Song 2857","Artist 8","Country",2016,47,0.78,0.73,-5.22,0.31,0.46,0.28,72.76,2.04
"Song 2858","Artist 91","Pop",2015,55,0.41,0.27,-8.17,0.53,0.06,0.95,158.39,2.76
"Song 2859","Artist 18","Classical",2021,54,0.41,0.61,-12.23,0.28,0.73,0.53,75.09,4.34
"Song 2860","Artist 15","Metal",2018,20,0.81,0.96,-14.06,0.54,0.63,0.8,111.92,2.1
"Song 2861","Artist 55","Rock",2025,93,0.41,0.53,-11.05,0.87,0.82,0.22,138.46,2.73
"Song 2862","Artist 34","Hip-Hop",2024,91,0.23,0.32,-14.04,0.4,0.07,0.04,165.2,4.71
"Song 2863","Artist 85","Jazz",2023,43,0.76,0.38,-13.78,0.6,0.06,0.52,128.02,2.82
"Song 2864","Artist 25","Country",2020,54,0.59,0.63,-9.01,0.61,0.28,0.66,128.42,4.84
"Song 2865","Artist 58","Electronic",2017,88,0.98,0.98,-7.86,0.41,0.69,0.7,136.59,5.39
"Song 2866","Artist 75","Electronic",2022,87,0.46,0.74,-13.62,0.75,0.42,0.35,136.79,4.67
"Song 2867","Artist 1","Metal",2025,82,0.73,0.29,-14.3,0.66,0.67,0.37,106.84,3.08
"Song 2868","Artist 54","Classical",2022,53,0.88,0.96,-9.07,0.17,0.81,0.37,100.49,4.62
"Song 2869","Artist 77","Metal",2016,88,0.99,0.56,-4.34,0.64,0.55,0.1,82.4,5.4
"Song 2870","Artist 40","Hip-Hop",2023,43,0.31,0.74,-11.88,0.52,0.97,0.09,129.76,4.24
"Song 2871","Artist 72","Classical",2019,79,0.86,0.4,-10.88,0.99,0.52,0.48,164.61,3.43
"Song 2872","Artist 18","Hip-Hop",2016,52,0.44,0.91,-4.14,0.82,0.5,0.78,171.03,4.46
"Song 2873","Artist 39","Metal",2025,67,0.65,0.76,-14.4,0,0.16,0.41,102.12,3.46
"Song 2874","Artist 88","Pop",2025,59,0.71,0.62,-7,0.6,0.05,0.83,132.78,5.51
"Song 2875","Artist 45","Jazz",2016,60,0.7,0.73,-11.69,0.76,0.39,0.55,146.43,2.24
"Song 2876","Artist 79","R&B",2020,40,0.61,0.63,-2.99,0.32,0.48,0.66,156.44,3.44
"Song 2877","Artist 90","Country",2025,82,0.62,0.52,-13.61,0.3,0.13,0.7,151.95,4.44
"Song 2878","Artist 80","Electronic",2021,72,0.41,0.3,-10.9,0.23,0.89,0.64,82.48,5.42
"Song 2879","Artist 24","Rock",2024,21,0.67,0.53,-8.53,0.94,0.13,0.06,104.76,2.71
"Song 2880","Artist 44","Indie",2023,46,0.27,0.99,-6.27,0.95,0.48,0.68,120.91,4.66
"Song 2881","Artist 96","Pop",2021,38,0.91,0.4,-14.29,0.99,0.1,0.13,77.82,5.51
"Song 2882","Artist 80","Jazz",2019,96,0.44,0.69,-14.56,0.67,0.85,0.76,174.58,2.92
"Song 2883","Artist 43","Country",2018,96,0.24,0.83,-7.15,0.54,0.69,0.3,166.32,2.25
"Song 2884","Artist 69","Rock",2015,57,0.84,0.96,-4.61,0.41,0.9,0.89,141.81,2.46
"Song 2885","Artist 4","Indie",2023,80,0.83,0.23,-8.46,0.2,0.81,0.71,86.4,5.73
"Song 2886","Artist 26","Indie",2020,30,0.98,0.67,-12.69,0.12,0.89,0.27,118.36,2.11
"Song 2887","Artist 57","R&B",2017,70,0.59,0.86,-6.97,0.87,0.2,0.63,141.11,4.32
"Song 2888","Artist 78","Pop",2021,75,0.65,0.34,-10.93,0.14,0.51,0.92,79.29,2.02
"Song 2889","Artist 72","Rock",2019,28,0.93,0.25,-7.82,0.57,0.28,0.28,144.56,4.15
"Song 2890","Artist 86","Rock",2016,64,0.25,0.88,-5.3,0.85,0.35,0.41,83.63,4.64
"Song 2891","Artist 79","Rock",2025,48,0.39,0.61,-6.65,0.36,0.04,0.02,78.31,3.04
"Song 2892","Artist 30","Jazz",2024,74,0.26,0.85,-11.51,0.83,0.38,0.44,155.85,4.03
"Song 2893","Artist 43","Indie",2015,48,0.61,0.29,-13.05,0.13,0.45,0.1,86.01,3.01
"Song 2894","Artist 56","Electronic",2015,87,0.49,0.42,-2.02,0.13,0.22,0.4,155.15,2.51
"Song 2895","Artist 95","Indie",2017,48,0.72,0.84,-12.11,0.97,0.15,0.23,86.57,4.53
"Song 2896","Artist 52","Indie",2024,83,0.6,0.44,-12.92,0.58,0.55,0.8,169.24,4.68
"Song 2897","Artist 74","Electronic",2021,21,0.26,0.75,-6.17,0.29,0.19,0.55,139.52,5.84
"Song 2898","Artist 83","Country",2016,97,0.47,0.92,-6.21,0.65,0.01,0.43,124.54,5.87
"Song 2899","Artist 96","R&B",2018,79,0.63,0.26,-9.19,0.47,0.33,0.6,164.24,5.44
"Song 2900","Artist 5","Electronic",2025,23,0.58,0.38,-14.13,0.91,0.61,0.05,126.09,5.7
"Song 2901","Artist 1","Country",2016,32,0.81,0.77,-6.13,0.53,0.73,0.73,75.31,5.91
"Song 2902","Artist 76","Hip-Hop",2024,44,0.99,0.43,-14.87,0.44,0.89,0.15,106.92,4.09
"Song 2903","Artist 18","Rock",2024,83,0.98,0.51,-3.22,0.3,0.4,0.52,111.97,2.55
"Song 2904","Artist 6","Hip-Hop",2024,94,0.3,0.24,-2.33,0.65,0.55,0.52,159.37,4.55
"Song 2905","Artist 64","R&B",2025,87,0.84,0.26,-2.04,0.67,0.83,0.92,128.38,2.16
"Song 2906","Artist 79","Hip-Hop",2016,38,0.35,0.8,-4.71,0.91,0.83,0.44,151.35,5.54
"Song 2907","Artist 95","Metal",2015,73,0.88,0.67,-14.21,0.82,0.67,0.99,176.14,2.85
"Song 2908","Artist 50","Pop",2023,92,0.83,0.68,-11.46,0.37,0.98,0.9,143.89,4.71
"Song 2909","Artist 88","Jazz",2021,78,0.99,0.8,-12.96,0.73,0.93,0.25,136.28,4.92
"Song 2910","Artist 42","Classical",2017,39,0.73,0.38,-2.91,0.79,0.1,0.19,104.39,2.97
"Song 2911","Artist 33","R&B",2023,61,0.58,0.53,-10.28,0.03,0.82,0.17,71,4.77
"Song 2912","Artist 94","Hip-Hop",2017,42,0.68,0.44,-12.92,0.98,0,0.89,126.65,5.57
"Song 2913","Artist 29","Pop",2017,79,0.7,0.37,-8.24,0.92,0.59,0.74,119.35,2.73
"Song 2914","Artist 62","Hip-Hop",2023,53,0.99,0.64,-14.71,0.47,0.7,0.29,86.37,2.08
"Song 2915","Artist 6","Metal",2020,87,0.9,0.65,-4.33,0.69,1,0.65,79.72,4.11
"Song 2916","Artist 59","Indie",2025,25,0.47,0.52,-13.11,0.54,0.62,0.99,177.71,5.85
"Song 2917","Artist 21","R&B",2021,82,0.53,0.61,-8.06,0.9,0.7,0.64,164.38,4.26
"Song 2918","Artist 25","Pop",2022,64,0.41,0.38,-3.93,0.21,0.01,0.27,113.12,5.05
"Song 2919","Artist 96","Metal",2023,28,0.88,0.84,-11.34,0.08,0.45,0.27,142.89,5.3
"Song 2920","Artist 15","Country",2015,34,0.94,0.98,-14.03,0.46,0.77,0.04,122.75,3.07
"Song 2921","Artist 72","Country",2018,74,0.29,0.39,-7.57,0.36,0.21,0.6,76.73,5.21
"Song 2922","Artist 22","Hip-Hop",2022,20,0.26,0.63,-5.77,0.49,0.46,1,80.61,5.53
"Song 2923","Artist 86","Pop",2025,20,0.92,0.31,-7.47,0.91,0.76,0.01,156.62,3.4
"Song 2924","Artist 37","Metal",2017,30,0.41,0.85,-11.44,0.5,0.22,0.43,82.54,4.38
"Song 2925","Artist 60","Jazz",2016,71,0.56,0.97,-3.02,0.96,0.62,0.84,128.63,4.97
"Song 2926","Artist 50","Electronic",2020,66,0.84,0.74,-5.04,0.22,0.1,0.69,130.05,4.83
"Song 2927","Artist 8","Metal",2016,51,0.4,0.72,-9.86,0.75,0.43,0.23,150.95,4.77
"Song 2928","Artist 84","R&B",2021,98,0.6,0.43,-7.38,0.2,0.26,0.21,156.31,3.46
"Song 2929","Artist 36","Rock",2020,25,0.37,0.43,-13.7,0.16,0.99,0.05,84.64,4.91
"Song 2930","Artist 41","Indie",2019,65,0.78,0.5,-10.58,0.91,0.29,0.81,98.65,5.01
"Song 2931","Artist 75","Pop",2015,59,0.9,0.77,-10.3,0.73,0.82,0.27,169.41,3.42
"Song 2932","Artist 56","Rock",2018,52,0.82,0.58,-14.88,0.03,0.73,0.78,166.4,2.5
"Song 2933","Artist 31","Hip-Hop",2025,58,0.9,0.27,-7.52,0.48,0.3,0.54,179.56,3.14
"Song 2934","Artist 80","Indie",2018,63,0.76,0.53,-2.5,0.41,0.31,0.86,80.26,3.83
"Song 2935","Artist 10","Indie",2017,27,0.46,0.72,-14.04,0.62,0.84,0.94,140.46,2.09
"Song 2936","Artist 100","Pop",2016,61,0.81,0.34,-8.85,0.21,0.44,0.09,170.95,5.25
"Song 2937","Artist 33","Country",2023,62,0.77,0.43,-5.51,0.12,0.83,0.28,139.97,2.59
"Song 2938","Artist 11","Electronic",2018,94,0.4,0.9,-4.12,0.01,0.8,0.39,99.43,2.42
"Song 2939","Artist 66","Pop",2018,81,0.99,0.36,-5.89,0.17,0.67,0.61,103.46,2.6
"Song 2940","Artist 8","Electronic",2024,64,0.52,0.35,-14.53,0.71,0.96,0.05,75.26,5.07
"Song 2941","Artist 23","Country",2018,64,0.5,0.45,-10.09,0.68,0.3,0.37,106.68,5.86
"Song 2942","Artist 42","Electronic",2021,37,0.74,0.34,-7.81,0.71,0.3,0.77,156.88,3.75
"Song 2943","Artist 29","Electronic",2019,81,0.55,0.98,-6.82,0.93,0.21,0.98,96.88,5.3
"Song 2944","Artist 95","Classical",2017,51,0.84,0.94,-7.05,0.79,0.1,0.08,163.09,3.96
"Song 2945","Artist 52","Rock",2015,97,0.21,0.92,-6.94,0.09,0.56,0.79,161.99,5.65
"Song 2946","Artist 85","R&B",2024,69,1,0.81,-3.24,0.82,0.62,0.08,157.53,3.71
"Song 2947","Artist 51","R&B",2019,41,0.65,0.22,-14.15,0.87,0.8,0.71,166.84,5.1
"Song 2948","Artist 4","Rock",2021,30,0.77,0.45,-14.97,0.82,0.91,0.96,158.66,2.74
"Song 2949","Artist 45","Classical",2020,85,0.42,0.62,-13.01,0.74,0.54,0.29,95.53,3.79
"Song 2950","Artist 15","Rock",2016,39,0.4,0.81,-5.32,0.82,0.37,0.14,169.51,3.99
"Song 2951","Artist 35","Hip-Hop",2015,22,0.91,0.78,-13.34,0.28,0.52,0.34,169.85,2.99
"Song 2952","Artist 50","R&B",2020,50,0.65,0.9,-9.03,0.86,0.06,0.97,166.43,3.16
"Song 2953","Artist 32","Pop",2015,57,0.43,0.58,-9.33,0.36,0.02,0.65,76.62,4.77
"Song 2954","Artist 68","Classical",2023,53,0.28,0.21,-14.85,0.38,0.52,0.08,161.77,2.91
"Song 2955","Artist 82","Pop",2025,72,0.92,0.28,-7.2,0.51,0.02,0.64,139.02,3.05
"Song 2956","Artist 17","Metal",2022,81,0.82,0.53,-11.62,0.11,0.43,0.07,112.98,5.08
"Song 2957","Artist 74","Hip-Hop",2024,51,0.89,0.99,-10.21,0.38,0.72,0.38,159.14,5.97
"Song 2958","Artist 84","Pop",2022,39,0.71,0.41,-10.07,0.85,0.59,0.86,91.51,3.49
"Song 2959","Artist 63","Pop",2016,51,0.42,0.43,-7.38,0.97,0.9,0.82,114.07,4.16
"Song 2960","Artist 16","Indie",2015,94,0.74,0.59,-6.07,0.58,0.03,0.63,162.23,3.09
"Song 2961","Artist 31","Rock",2025,26,0.88,0.51,-10.13,0.36,0.15,0.92,109.22,5.11
"Song 2962","Artist 100","R&B",2017,44,0.89,0.8,-11.37,0.22,0.51,0.44,83.37,3.16
"Song 2963","Artist 70","Classical",2019,59,0.96,0.3,-8.45,0.88,0.12,0.83,92.54,2.73
"Song 2964","Artist 69","R&B",2018,32,0.7,0.93,-4.2,0.62,0.71,0.75,168.5,4.17
"Song 2965","Artist 34","Metal",2020,67,0.83,0.25,-7.39,0.53,0.06,0.81,163.97,4.54
"Song 2966","Artist 84","Country",2020,51,0.46,0.78,-13.55,0.65,0.27,0.74,95.47,2.18
"Song 2967","Artist 77","Indie",2019,42,0.98,0.92,-10.6,0.18,0.24,0.76,86.95,2.66
"Song 2968","Artist 22","Indie",2017,77,0.89,0.59,-2.17,0.49,0.51,0.15,121.1,4.72
"Song 2969","Artist 11","Electronic",2020,89,0.91,0.63,-10.32,0.98,0.48,0.45,121.04,5.19
"Song 2970","Artist 2","Indie",2023,77,0.55,0.55,-6.77,0.97,0.77,0.69,142.83,5.05
"Song 2971","Artist 29","Hip-Hop",2022,95,0.67,0.42,-6.29,0.62,0.72,0.28,170.4,5.51
"Song 2972","Artist 3","Rock",2023,39,0.28,0.92,-6.5,0.65,0.4,0.07,170.3,5.45
"Song 2973","Artist 69","Electronic",2024,40,0.21,0.39,-5.48,0.16,0.76,0.96,160.47,2.82
"Song 2974","Artist 4","R&B",2025,100,0.69,0.44,-3.47,0.19,0.26,0.92,95.85,4.47
"Song 2975","Artist 62","Hip-Hop",2022,33,0.3,0.6,-5.48,0.99,0.77,0.68,162.51,3.89
"Song 2976","Artist 19","Pop",2018,35,0.39,0.28,-13.18,0.75,0.07,0.04,126.16,2.1
"Song 2977","Artist 69","Hip-Hop",2024,100,0.41,0.2,-10.83,0.69,0.78,0.7,105.92,5.93
"Song 2978","Artist 18","Pop",2024,37,0.83,0.23,-4.51,0.35,0.49,0.83,109.02,2.19
"Song 2979","Artist 88","Metal",2018,20,0.33,0.85,-10.14,0.49,0.09,0.09,76.5,4.43
"Song 2980","Artist 14","Rock",2018,24,0.96,0.56,-12.94,0.13,0.35,0.81,172.18,4.29
"Song 2981","Artist 73","Classical",2025,87,0.94,0.7,-6.19,0.17,0.15,0.8,150.12,2.44
"Song 2982","Artist 94","Indie",2022,92,0.34,0.4,-4.1,0.17,0.16,0.12,75.56,2.17
"Song 2983","Artist 93","Metal",2018,58,0.85,0.98,-7.07,0.58,0.68,0.14,169.82,2.16
"Song 2984","Artist 56","Rock",2020,51,0.43,0.29,-8.41,0.54,0.98,0.7,138.08,5.88
"Song 2985","Artist 11","Electronic",2019,91,0.45,0.87,-12.79,0.66,0.46,0.75,87.13,5.92
"Song 2986","Artist 95","Pop",2016,91,0.31,0.34,-9.23,0.07,0.02,0.85,105.81,2.05
"Song 2987","Artist 61","Rock",2024,86,0.77,0.71,-5.8,0.67,0.26,0.95,126.51,2.64
"Song 2988","Artist 35","Indie",2016,37,0.27,0.72,-9.95,0.3,0.01,0.86,89.27,3.32
"Song 2989","Artist 43","Metal",2016,35,0.85,0.58,-4.08,0.96,0.49,0.41,172.41,4.69
"Song 2990","Artist 52","R&B",2018,38,0.41,0.21,-7,0.59,0.48,0.23,142.79,5.24
"Song 2991","Artist 38","Classical",2024,77,0.83,0.58,-6.7,0.98,0.28,0.38,170.62,5
"Song 2992","Artist 65","Classical",2023,67,0.21,0.79,-8.31,0.29,0.82,0.29,153.25,4.91
"Song 2993","Artist 70","Pop",2025,90,0.63,0.63,-7.46,0.92,0.2,0.65,143.39,3.73
"Song 2994","Artist 26","Jazz",2025,53,0.67,0.6,-4.08,0.99,0.96,0.3,171.5,5.23
"Song 2995","Artist 4","Country",2019,65,0.68,0.75,-11.24,0.81,0.34,0.83,75.73,2.74
"Song 2996","Artist 82","Country",2017,92,0.71,0.23,-2.97,0.74,0.56,0.36,136.82,5.75
"Song 2997","Artist 43","Metal",2017,71,0.99,0.35,-11.64,0.34,0.83,0.59,145.35,5.65
"Song 2998","Artist 86","Hip-Hop",2020,97,0.6,0.66,-11.07,0.13,0.07,0.54,129.09,5.12
"Song 2999","Artist 46","Rock",2024,41,0.71,0.82,-13.58,0.5,0.88,0.15,146.07,5.2
"Song 3000","Artist 30","Metal",2019,78,0.72,0.4,-9.5,0.19,0.12,0.4,178.54,3.95
"Song 3001","Artist 70","R&B",2019,23,0.34,0.2,-12.22,0.73,0.6,0.67,120.7,4.33
"Song 3002","Artist 68","Hip-Hop",2023,89,0.79,0.65,-7.98,0.67,0.46,0.07,77.96,5.52
"Song 3003","Artist 12","Jazz",2018,21,0.97,0.72,-12.27,0.99,0.76,0.37,74.92,4.5
"Song 3004","Artist 53","Pop",2021,92,0.39,0.29,-7.77,0.47,0.66,0.22,103.14,2.79
"Song 3005","Artist 29","Indie",2015,50,0.51,0.57,-11.84,0.23,0.46,0.2,133.01,2.89
"Song 3006","Artist 42","Metal",2017,63,0.8,0.65,-6,0.7,0.96,0.84,157.81,3.24
"Song 3007","Artist 74","Rock",2018,61,0.26,0.99,-6.75,0.33,0.68,0.01,167.61,2.63
"Song 3008","Artist 52","Hip-Hop",2025,82,0.74,0.59,-13.88,0.34,0.25,0.38,93.41,2.1
"Song 3009","Artist 7","Rock",2021,65,0.69,0.67,-10.74,0.12,0.37,0.24,172.25,3.72
"Song 3010","Artist 71","Hip-Hop",2017,74,0.54,0.35,-13.63,0,0.92,0.38,178.41,5.31
"Song 3011","Artist 87","Jazz",2020,35,0.9,0.68,-12.67,0.54,0.16,0.04,118.86,4.99
"Song 3012","Artist 35","Indie",2021,27,0.89,0.2,-2.86,0.2,0.34,0.3,77.05,5.94
"Song 3013","Artist 6","Jazz",2019,32,0.61,0.25,-8.41,0.14,0.17,0.76,153.95,5.5
"Song 3014","Artist 41","Jazz",2022,40,0.86,0.51,-11.28,0.05,0.44,0.82,155.96,4.16
"Song 3015","Artist 31","Classical",2020,30,0.68,0.39,-5.29,0.66,0.56,0.41,147.04,4.83
"Song 3016","Artist 2","Rock",2021,75,0.31,0.77,-13.04,0.5,0.11,0.73,93.65,3.76
"Song 3017","Artist 45","Metal",2022,32,0.48,0.79,-3.3,0.5,0.4,0.55,128.5,4.73
"Song 3018","Artist 30","Jazz",2023,72,0.79,0.36,-4.38,0.91,0.54,0.73,75.21,4.15
"Song 3019","Artist 1","Rock",2020,63,0.66,0.6,-9.69,0.53,0.75,0.3,102.99,3.09
"Song 3020","Artist 8","Classical",2020,33,0.2,0.98,-7.52,0.32,0.81,0,163.33,4.33
"Song 3021","Artist 62","Hip-Hop",2021,21,0.49,0.71,-12.92,0.54,0.99,0.36,119.09,4.03
"Song 3022","Artist 43","Metal",2019,43,0.34,0.27,-13.78,0.44,0.52,0.73,140.89,2.99
"Song 3023","Artist 45","Pop",2015,37,0.68,0.77,-10.65,0.82,0.36,0.39,126.52,2.7
"Song 3024","Artist 84","Country",2019,51,0.31,0.3,-14.22,0.18,0.93,0.69,103.21,4.71
"Song 3025","Artist 45","Rock",2023,53,0.74,0.31,-4.91,0.32,0.35,0.46,145.65,2.86
"Song 3026","Artist 99","Indie",2024,22,0.85,0.52,-14.58,0.7,0.04,0.15,104.06,3.42
"Song 3027","Artist 65","Classical",2017,54,0.82,0.91,-6.21,0.19,0.02,0.49,168.96,5.46
"Song 3028","Artist 9","Country",2016,51,0.9,0.26,-4.8,0.51,0.06,0.59,173.93,2.79
"Song 3029","Artist 31","Indie",2024,36,0.51,0.87,-8.8,0.89,0.3,0.93,79.81,4.84
"Song 3030","Artist 6","Jazz",2019,73,0.59,0.82,-9.55,0.55,0.29,0.23,136.49,3.15
"Song 3031","Artist 70","Hip-Hop",2020,86,0.55,0.68,-2.7,0.68,0.2,0.34,91.83,3.93
"Song 3032","Artist 59","Jazz",2022,36,0.35,0.34,-8.73,0.36,0.19,0.99,157.47,5.86
"Song 3033","Artist 75","Rock",2020,35,0.34,0.5,-10.02,0.14,0.03,0.24,97.45,3.46
"Song 3034","Artist 96","Electronic",2022,84,0.84,0.62,-8.1,0.21,0.04,0.62,168.48,4.01
"Song 3035","Artist 4","Classical",2020,29,0.71,0.77,-12.47,0.32,0.27,0.04,72.54,3.73
"Song 3036","Artist 11","Rock",2015,68,0.59,0.27,-14.48,0.98,0.16,0.29,144.22,5.79
"Song 3037","Artist 12","Metal",2019,37,0.44,0.8,-10.05,0.38,0.65,0.97,123.45,2.11
"Song 3038","Artist 89","Indie",2021,64,0.25,0.32,-8.05,0.79,0.02,0.89,130.46,4.78
"Song 3039","Artist 91","Country",2020,93,0.48,0.56,-3.46,0.08,0.07,0.8,82.99,4.42
"Song 3040","Artist 16","Classical",2025,42,0.87,0.4,-6.79,0.24,0.68,0.48,75.81,5.44
"Song 3041","Artist 21","Electronic",2017,32,0.65,0.55,-2.2,0.17,0.86,0.82,147.16,4.13
"Song 3042","Artist 31","Metal",2024,38,0.86,0.98,-9,0.21,0.44,0.38,178.66,5.62
"Song 3043","Artist 18","Country",2020,93,0.23,0.78,-2.83,0.95,0.65,0.8,172.54,3.61
"Song 3044","Artist 34","Pop",2020,72,0.68,0.43,-4.76,0.93,0.7,0.34,97.75,2.78
"Song 3045","Artist 18","Jazz",2018,33,0.88,0.45,-5.09,0.84,0.52,0.77,113,3.22
"Song 3046","Artist 72","Electronic",2016,84,0.92,0.31,-12.67,0.8,0.34,0.28,85.6,4.76
"Song 3047","Artist 29","Metal",2022,31,0.3,0.88,-2.26,0.32,0.62,0.03,103.79,3.83
"Song 3048","Artist 37","Electronic",2021,32,0.95,0.79,-12.87,0.13,0.75,0.31,164.06,3.51
"Song 3049","Artist 63","Classical",2018,74,0.82,0.32,-12.39,0.68,0.72,0.03,113.24,3.33
"Song 3050","Artist 41","Jazz",2015,22,0.98,0.95,-9.57,0.23,0.18,0.34,163.75,2.27
"Song 3051","Artist 99","Classical",2025,61,0.47,0.29,-2.41,0.2,0.4,0.15,127.77,5.54
"Song 3052","Artist 34","Metal",2019,41,0.88,0.35,-7.6,0.22,0.6,0.98,126.78,5.65
"Song 3053","Artist 63","Pop",2022,71,0.93,0.45,-10.17,0.22,0.99,0.73,156.12,4.66
"Song 3054","Artist 91","Classical",2016,30,0.95,0.47,-14.8,0.61,0.38,0.28,152.51,3.18
"Song 3055","Artist 4","R&B",2016,62,0.75,0.73,-3.78,0.01,0.39,0.55,79.18,2.86
"Song 3056","Artist 94","Classical",2017,36,0.5,0.73,-8.26,0.53,0.16,0.44,163.36,3.75
"Song 3057","Artist 76","Indie",2019,30,0.59,0.58,-10.7,0.18,0.27,0.38,130.75,2.03
"Song 3058","Artist 1","R&B",2025,96,0.95,0.3,-3.41,0.25,0.15,0,161.27,2.83
"Song 3059","Artist 97","Pop",2022,60,0.59,0.83,-11.77,0.07,0.34,0.59,160.5,3.61
"Song 3060","Artist 90","Jazz",2024,84,0.33,0.64,-13.45,0.59,0.23,0.41,77.51,4.1
"Song 3061","Artist 32","Country",2017,48,0.52,0.78,-12.96,0.33,0.1,0.33,89.59,3.87
"Song 3062","Artist 12","R&B",2021,62,0.97,0.22,-9.71,0.11,0.63,0.81,127.33,5.65
"Song 3063","Artist 75","Electronic",2019,28,0.99,0.85,-3.75,0.64,0.98,0.76,74.01,3.41
"Song 3064","Artist 93","Country",2020,32,0.48,0.49,-10.43,0.67,0.19,0.99,104.78,5.88
"Song 3065","Artist 90","Metal",2024,87,0.95,0.39,-9.49,0.58,0.8,0.59,92.2,2.85
"Song 3066","Artist 12","Indie",2022,33,0.28,0.33,-12.69,0.73,0.83,0.21,133.39,5.07
"Song 3067","Artist 92","Hip-Hop",2015,31,0.58,0.66,-14.79,0.59,0.53,0.11,144.5,4.59
"Song 3068","Artist 95","Jazz",2023,22,0.35,0.35,-6.68,0.8,0.85,0.61,100.51,3.58
"Song 3069","Artist 11","Classical",2022,57,0.47,0.65,-6.62,0.58,0.94,0.68,92.28,5.16
"Song 3070","Artist 15","Rock",2017,28,0.56,0.69,-5.83,0.73,0.29,0.61,115.49,2.08
"Song 3071","Artist 28","Hip-Hop",2017,73,0.45,0.98,-7.36,0.78,0.74,0.31,72.27,4.31
"Song 3072","Artist 62","Indie",2025,54,0.23,0.47,-12.76,0.64,0.51,0.28,107.17,3.64
"Song 3073","Artist 59","Pop",2023,42,0.3,0.3,-6.38,0.63,0.6,0.29,81.6,2.59
"Song 3074","Artist 23","Electronic",2024,51,0.81,0.55,-7.83,0.76,0.51,0.9,113.87,4.38
"Song 3075","Artist 69","Country",2015,37,0.52,0.83,-4.26,0.75,0.88,0.28,115.84,2.08
"Song 3076","Artist 27","Country",2024,87,0.91,0.31,-14.18,0.12,0.69,0.13,101.32,3.08
"Song 3077","Artist 55","Pop",2018,38,0.61,0.71,-5.59,0.62,0.87,0.65,143.02,5.78
"Song 3078","Artist 85","Hip-Hop",2015,69,0.24,0.66,-11.09,0.54,0.5,0.05,138.9,3.44
"Song 3079","Artist 20","Rock",2015,47,0.66,0.35,-9.33,0.77,0.24,0.71,112.4,5.41
"Song 3080","Artist 82","Pop",2015,37,0.97,0.58,-11.53,0.97,0.35,0.35,131.17,2.01
"Song 3081","Artist 35","Indie",2018,93,0.22,0.23,-14.1,0.63,0.86,0.6,114.84,4.06
"Song 3082","Artist 86","R&B",2015,20,0.95,0.43,-13.19,0.66,0.15,0.05,90.39,3.29
"Song 3083","Artist 27","Metal",2015,92,0.7,0.29,-13.83,0.14,0.48,0.5,156.69,3.2
"Song 3084","Artist 79","Metal",2021,97,0.49,0.34,-5.62,0.1,0.71,0.49,136.27,3.91
"Song 3085","Artist 67","Indie",2023,87,0.57,0.82,-11.77,0.12,0.55,0.71,125.73,4.63
"Song 3086","Artist 5","Country",2020,82,0.74,0.78,-3.47,0.35,0.91,0.64,117.52,2.4
"Song 3087","Artist 18","R&B",2024,89,0.27,0.5,-6.73,0.23,0.93,0.98,123.64,3.08
"Song 3088","Artist 56","Hip-Hop",2019,88,0.35,0.65,-9.93,0.92,0.47,0.34,136.28,4.7
"Song 3089","Artist 30","Hip-Hop",2025,98,0.35,0.41,-4.43,0.84,0.21,0.19,71.83,4.84
"Song 3090","Artist 74","Hip-Hop",2018,92,0.45,0.34,-3.84,0.32,0.89,0.92,167.12,3.66
"Song 3091","Artist 37","Classical",2022,53,0.61,0.22,-3.47,0.5,0.19,0.77,154.16,4.03
"Song 3092","Artist 67","Metal",2025,56,0.69,0.94,-4.79,0.89,0.59,0.7,124.99,2.59
"Song 3093","Artist 40","Hip-Hop",2017,96,0.69,0.2,-11.21,0.18,0.31,0.97,123.77,2.32
"Song 3094","Artist 75","Rock",2016,93,0.86,0.43,-9.51,0.34,0.01,0.54,76.39,5.73
"Song 3095","Artist 77","Country",2021,42,0.3,0.9,-12.48,0.84,0.41,0.09,106.97,5.45
"Song 3096","Artist 83","Electronic",2017,43,0.4,0.9,-6.8,0.7,0.85,0.97,171.76,5.58
"Song 3097","Artist 36","Pop",2017,93,0.3,0.56,-14.35,0.8,0.69,0.42,174.63,4.49
"Song 3098","Artist 84","Classical",2025,39,0.52,0.62,-5.79,0.54,0.14,0.97,147.49,4.6
"Song 3099","Artist 59","Country",2016,40,0.87,0.69,-7.96,0.94,0.64,0.26,107.18,4.16
"Song 3100","Artist 95","R&B",2022,54,0.78,0.35,-12.61,0.36,0.11,0.99,84.95,2.51
"Song 3101","Artist 17","Electronic",2019,93,0.51,0.71,-3.47,0.63,0.66,0.75,170.94,3.48
"Song 3102","Artist 68","Electronic",2023,53,0.7,0.24,-7.82,0.22,0.42,0.03,151.92,5.22
"Song 3103","Artist 87","Electronic",2020,48,0.9,0.7,-10.16,0.75,0.06,0.67,130.76,3.03
"Song 3104","Artist 80","Rock",2024,24,0.54,0.29,-4.06,0.27,0.47,0.45,75.67,2.52
"Song 3105","Artist 14","Hip-Hop",2020,94,0.85,0.35,-5.92,0.23,0.02,0.52,150.99,5.54
"Song 3106","Artist 11","Classical",2017,60,0.44,0.59,-2.91,0.35,0.74,0.82,167.73,5.96
"Song 3107","Artist 54","Classical",2022,100,0.58,0.8,-10.67,0.86,0.57,0.94,116.9,2.84
"Song 3108","Artist 5","Hip-Hop",2020,62,0.35,0.64,-14.25,0.21,0.29,0.5,132.03,4.68
"Song 3109","Artist 43","Country",2017,47,0.25,0.53,-5.54,0.58,0.96,0.28,89.39,3.78
"Song 3110","Artist 12","Indie",2022,100,0.33,0.35,-11.84,0.78,0.71,0.45,142.3,3.89
"Song 3111","Artist 70","Hip-Hop",2020,26,0.64,0.93,-8.43,0.95,0.3,0.93,171.83,5.19
"Song 3112","Artist 35","Rock",2017,47,0.78,0.56,-13.37,0.48,0.87,0.92,137.3,5.37
"Song 3113","Artist 15","Electronic",2017,44,0.5,0.36,-3.76,0.03,0.72,0.11,140.32,4.96
"Song 3114","Artist 78","Classical",2021,27,0.7,0.92,-9.37,0.9,0.22,0.7,144.94,5.27
"Song 3115","Artist 17","Metal",2019,33,0.59,0.94,-7.84,0.29,0.38,0.24,152.68,3.68
"Song 3116","Artist 71","Hip-Hop",2021,98,0.34,0.59,-13.84,0.57,0.01,0.37,104.46,4.31
"Song 3117","Artist 65","Metal",2021,25,0.74,0.68,-12.69,0.68,0.91,0.36,74.19,3.75
"Song 3118","Artist 18","Pop",2023,40,0.93,0.62,-11.5,0.12,0.16,0.65,131.69,3.84
"Song 3119","Artist 67","Jazz",2022,39,0.44,0.95,-9.58,0.46,0.31,0.37,77.03,4.24
"Song 3120","Artist 9","Jazz",2022,61,0.2,0.75,-7.58,0.59,0.6,0.72,163.62,2.45
"Song 3121","Artist 11","Electronic",2019,48,0.86,0.42,-3.93,0.4,0.03,0.79,86.87,4.67
"Song 3122","Artist 20","Country",2017,92,0.47,0.94,-2.33,0.39,0.28,0.13,80.2,3.05
"Song 3123","Artist 49","Jazz",2021,64,0.68,0.5,-13.46,0.46,0.35,0.79,77.86,3.86
"Song 3124","Artist 23","Country",2017,64,0.65,0.23,-5.2,0.73,0.44,0.03,144.11,4.91
"Song 3125","Artist 47","Metal",2024,99,0.44,0.22,-14.51,0,0.2,0.55,155.19,3.73
"Song 3126","Artist 100","Metal",2015,20,0.21,0.28,-14.13,0.93,0.55,0.41,84.45,3.84
"Song 3127","Artist 26","Pop",2023,32,0.49,0.86,-5.08,0.81,0.03,0.73,155.29,2.97
"Song 3128","Artist 99","Hip-Hop",2024,27,0.92,0.23,-11.09,0.19,0.18,0.7,170.53,5.92
"Song 3129","Artist 36","R&B",2021,36,0.99,0.69,-2.77,0.59,1,0.36,120.62,5.94
"Song 3130","Artist 11","Country",2022,63,0.44,0.31,-8.48,0.27,0.38,0.9,121.5,5.95
"Song 3131","Artist 89","Metal",2015,37,0.6,0.28,-9.54,0.06,0.6,0.37,79.98,5.63
"Song 3132","Artist 44","Metal",2025,100,0.9,0.81,-8.68,0.19,0.61,0.38,94.8,3.76
"Song 3133","Artist 77","Country",2020,24,1,0.2,-2.45,0.17,0.02,0.67,169.62,4.05
"Song 3134","Artist 82","Pop",2019,30,0.45,0.71,-2.24,0.84,0.72,0.32,97.01,4.36
"Song 3135","Artist 72","Pop",2024,84,0.74,0.71,-9.51,0.13,0.87,0.39,97.51,5.29
"Song 3136","Artist 51","Jazz",2023,67,0.25,0.67,-10.55,0.72,0.75,0.05,122.58,2.67
"Song 3137","Artist 80","Electronic",2018,48,0.79,0.34,-3.63,0.35,0.37,0.44,162.28,2.09
"Song 3138","Artist 79","Country",2017,54,0.8,0.64,-3.51,0.98,0.58,0.26,130.13,5.88
"Song 3139","Artist 95","Pop",2018,21,0.23,0.64,-11.57,0.83,0.8,0.05,162.62,3.74
"Song 3140","Artist 21","Jazz",2022,58,0.5,0.39,-5.71,0.85,0.29,0.78,103.26,2.5
"Song 3141","Artist 95","Electronic",2023,58,0.86,0.61,-14.38,0.12,0.59,0.39,135.34,2.96
"Song 3142","Artist 52","Rock",2022,70,0.57,0.57,-13.68,0.75,0.01,0.18,139.67,2.44
"Song 3143","Artist 37","Indie",2022,38,0.26,0.49,-5.83,0.9,0.86,0.22,73.07,5.54
"Song 3144","Artist 71","Metal",2024,28,0.51,0.68,-12.76,0.57,0.85,0.33,86.44,3.08
"Song 3145","Artist 31","Jazz",2024,24,0.45,0.61,-5.04,0.04,0.82,0.98,152.86,2.89
"Song 3146","Artist 31","Metal",2022,23,0.56,0.9,-8.14,0.95,1,0.52,169.29,2.78
"Song 3147","Artist 50","Classical",2021,22,0.66,0.94,-14.93,0.94,0.24,0.58,126.02,2.21
"Song 3148","Artist 50","Electronic",2021,55,0.41,0.38,-2.21,0.92,0.25,0.01,141.79,3.93
"Song 3149","Artist 16","Pop",2016,70,0.22,0.26,-9.21,0.34,0.77,0.14,136.6,4.35
"Song 3150","Artist 11","Jazz",2023,31,0.46,0.9,-11.09,0.47,0.86,0.18,167.68,2.73
"Song 3151","Artist 9","Metal",2025,43,0.96,0.33,-3.03,1,0.78,0.39,109.07,2.75
"Song 3152","Artist 61","R&B",2025,31,0.48,0.79,-6.59,0.01,0.21,0.7,93.58,2.68
"Song 3153","Artist 73","Indie",2015,26,0.82,0.26,-3.14,0.23,0.18,0.28,164.17,3.97
"Song 3154","Artist 1","Jazz",2024,30,0.88,0.8,-14.53,0.08,0.01,0.51,74.94,5.1
"Song 3155","Artist 25","Jazz",2025,57,0.46,0.69,-6.56,0.26,0.75,0.49,71.87,3.57
"Song 3156","Artist 50","Electronic",2019,62,0.27,0.59,-8.51,0.14,0.17,0.3,172.29,3.33
"Song 3157","Artist 27","Metal",2019,22,0.9,0.52,-11.08,0.32,0.09,0.63,119.36,2.83
"Song 3158","Artist 64","R&B",2023,74,0.81,0.26,-10.32,0.42,0.48,0.5,128.97,5.92
"Song 3159","Artist 61","Indie",2020,73,0.26,0.46,-3.7,0.17,0.23,0.23,85.11,2.05
"Song 3160","Artist 28","Metal",2022,50,0.57,0.73,-11.96,0.82,0.24,0.98,170.91,5.12
"Song 3161","Artist 38","Metal",2019,99,0.48,0.37,-11.63,0.4,0.32,0.85,176.03,2.71
"Song 3162","Artist 34","Pop",2023,49,0.82,0.38,-14.58,0.57,0.03,0.69,84.43,4.86
"Song 3163","Artist 28","Hip-Hop",2025,90,0.27,0.21,-10,0.21,0.02,0.04,140.31,3.27
"Song 3164","Artist 75","Country",2025,52,0.6,0.53,-9.51,0.07,0.13,0.96,92.65,3.69
"Song 3165","Artist 5","Country",2018,78,0.61,0.23,-7.09,0.69,0.05,0.93,75.19,4.46
"Song 3166","Artist 57","Country",2018,37,0.22,0.98,-13.42,0.59,0.84,0.24,103.03,4.13
"Song 3167","Artist 88","Classical",2025,22,0.82,0.22,-4.88,0.41,0.64,0.32,172.25,5.41
"Song 3168","Artist 3","Hip-Hop",2018,72,0.24,0.23,-12.03,0.78,0.77,0.59,82.18,2.18
"Song 3169","Artist 5","Classical",2020,78,0.27,0.41,-13.48,0.34,0.16,0.9,109.02,2.94
"Song 3170","Artist 29","Pop",2016,45,0.33,0.7,-8.48,0.41,0.88,0.17,178.88,2.04
"Song 3171","Artist 72","Metal",2021,30,0.86,0.54,-7.55,0.58,0.44,0.71,165.96,6
"Song 3172","Artist 3","Jazz",2022,79,0.59,1,-9.42,0.65,0.83,0.91,139.04,2.59
"Song 3173","Artist 46","R&B",2019,67,0.35,0.3,-9.88,0.26,0.06,0.84,80,5.13
"Song 3174","Artist 62","Electronic",2023,40,0.62,0.98,-13.28,0.7,0.07,0.3,155.23,2.57
"Song 3175","Artist 14","Hip-Hop",2024,69,0.72,0.32,-6.88,0,0.57,0.77,176.33,5.23
"Song 3176","Artist 79","Pop",2023,91,0.49,0.21,-2.63,0.2,0.71,0.39,86.57,4
"Song 3177","Artist 79","Jazz",2017,97,0.4,0.43,-2.38,0.28,0.3,0.6,141.19,3.29
"Song 3178","Artist 67","Metal",2020,52,0.48,0.34,-5.96,0.47,0.94,0.25,78.18,2.1
"Song 3179","Artist 82","Rock",2015,58,0.76,0.9,-3.43,0.19,0.19,0.4,122.89,2.36
"Song 3180","Artist 77","Country",2024,32,0.67,0.21,-14.05,0.11,0.21,0.59,78.42,3.22
"Song 3181","Artist 2","Hip-Hop",2016,21,0.91,0.3,-9.67,0.23,0.4,0.85,84.24,4.05
"Song 3182","Artist 46","Hip-Hop",2024,30,0.28,0.67,-11.25,0.53,0.88,0.56,70.81,4.7
"Song 3183","Artist 58","Jazz",2022,80,0.3,0.43,-11.58,0.59,0.19,0.68,79.8,2.88
"Song 3184","Artist 70","Country",2016,56,0.43,0.54,-11.57,0.47,0.63,0.37,113.51,4.38
"Song 3185","Artist 16","Electronic",2020,39,0.69,0.66,-4.3,0.12,0.58,0.72,144.12,2.29
"Song 3186","Artist 1","Hip-Hop",2018,44,0.29,0.27,-10.33,0.45,0.22,0.82,112.45,4.56
"Song 3187","Artist 35","Rock",2022,97,0.42,0.94,-12.63,0.95,0.89,0.98,146.18,3.76
"Song 3188","Artist 32","Metal",2022,55,0.93,0.84,-10.16,0.88,0.51,0.46,96.9,5.86
"Song 3189","Artist 29","Hip-Hop",2024,57,0.91,0.47,-4.3,0.76,0.25,0.38,115.79,2.79
"Song 3190","Artist 55","Hip-Hop",2018,62,0.22,0.21,-6.64,0.98,0.38,0.14,127.79,3.73
"Song 3191","Artist 19","Rock",2015,35,0.6,0.89,-2.3,0.45,0.82,0.54,152.74,2.66
"Song 3192","Artist 58","Indie",2019,50,0.22,0.58,-10.87,0.47,0.51,0.27,126.07,2.67
"Song 3193","Artist 12","Metal",2025,66,0.4,0.6,-4.36,0.26,0.77,0.57,165.69,2.8
"Song 3194","Artist 82","Electronic",2017,34,0.24,0.59,-12.14,0.6,0.28,0.55,115.87,5.37
"Song 3195","Artist 68","Metal",2022,38,0.85,0.61,-14.06,0.79,0.75,0.53,129.34,2.05
"Song 3196","Artist 21","Metal",2015,25,0.57,0.69,-5.71,0.89,0.94,0.28,108.95,2.96
"Song 3197","Artist 31","Jazz",2017,71,0.64,0.88,-11.5,0.64,0.99,0.75,100.56,5.2
"Song 3198","Artist 61","Pop",2017,59,0.59,0.72,-13.42,0.16,0.89,0.57,122.73,2.07
"Song 3199","Artist 78","Pop",2016,29,0.98,0.43,-2.81,0.16,0.96,0.27,136.7,4.4
"Song 3200","Artist 72","R&B",2023,32,0.45,0.74,-13.54,0.29,0.64,0.44,77.76,2.59
"Song 3201","Artist 42","Metal",2024,77,0.33,0.34,-4.89,0.89,0.97,0.5,160.95,4.39
"Song 3202","Artist 46","Classical",2025,100,0.43,0.35,-9.03,0.26,0.97,0.16,126.61,3.23
"Song 3203","Artist 31","R&B",2020,20,0.93,0.85,-5.84,0.79,0.61,0.78,119.46,3.36
"Song 3204","Artist 51","Electronic",2024,34,0.78,0.62,-9.75,0.27,0.96,0.17,100.59,4.18
"Song 3205","Artist 56","Jazz",2025,65,0.8,0.64,-14.55,0.41,0.01,0.46,149.62,3.96
"Song 3206","Artist 42","Indie",2020,77,0.28,0.63,-10.24,0.79,0.2,0.15,74.4,3.41
"Song 3207","Artist 19","Indie",2020,95,0.5,0.48,-10,0.57,0.23,0.95,97.78,3.81
"Song 3208","Artist 47","Rock",2022,53,0.58,0.94,-9.56,0.33,0.88,0.69,145.49,2.41
"Song 3209","Artist 81","R&B",2018,57,0.63,0.73,-2.1,0.45,0.26,0.7,110.14,4.16
"Song 3210","Artist 17","Metal",2024,54,0.56,0.45,-7.87,0.08,0.8,0.16,124.92,5.39
"Song 3211","Artist 34","Classical",2024,56,0.27,0.35,-9.85,0.43,0.97,0.72,177.74,4.85
"Song 3212","Artist 58","Country",2021,54,0.39,0.44,-2.35,0.29,0.43,0.77,172.76,3.9
"Song 3213","Artist 99","R&B",2015,52,0.39,0.89,-5.94,0.49,0.06,0.27,79.98,3.97
"Song 3214","Artist 91","Pop",2023,37,0.67,0.3,-7.19,0.97,0.5,0.91,148.04,5.3
"Song 3215","Artist 49","Hip-Hop",2024,76,0.55,0.46,-3.55,0.31,0.87,0.28,145.47,5.84
"Song 3216","Artist 18","Metal",2018,22,0.83,1,-10.85,0.75,0.37,0.74,155.76,2.3
"Song 3217","Artist 67","Country",2016,70,0.74,0.79,-4.16,0.1,0.1,0.19,172.23,4.83
"Song 3218","Artist 58","Classical",2017,61,0.44,0.88,-14.43,0.06,0.94,0.83,101.08,4.94
"Song 3219","Artist 88","Country",2025,78,0.71,0.79,-3,0.71,0.17,0.21,148.77,5.58
"Song 3220","Artist 66","Hip-Hop",2023,67,0.39,0.96,-13.31,0.45,0.09,0.94,91.93,4.21
"Song 3221","Artist 45","Jazz",2017,28,0.61,0.22,-9.26,0.72,0.19,0.39,111.35,5.26
"Song 3222","Artist 67","Classical",2021,74,0.98,0.39,-3.59,0.38,0.41,0.26,105.99,4.92
"Song 3223","Artist 16","Indie",2020,40,0.63,0.77,-6.12,0.19,0.34,0.73,107.65,4.18
"Song 3224","Artist 94","Rock",2021,82,0.55,0.37,-11.12,0.71,0.91,0.32,167.79,4.34
"Song 3225","Artist 21","Metal",2015,59,0.96,0.46,-4.14,0.87,0.71,0.83,179.71,5.45
"Song 3226","Artist 73","Hip-Hop",2022,27,0.2,0.38,-12.65,0.42,0.68,0.31,112.42,5.03
"Song 3227","Artist 42","Country",2022,80,0.51,0.72,-14.38,0.06,0.17,0.95,161.14,2.68
"Song 3228","Artist 90","R&B",2024,100,0.77,0.92,-12.08,0.14,0.97,0.51,82.3,2.71
"Song 3229","Artist 81","Electronic",2018,42,0.7,0.23,-4.8,0.11,0.95,0.98,95.3,5.83
"Song 3230","Artist 46","R&B",2024,97,0.84,0.84,-13.58,0.63,0.42,0.82,108.72,3.12
"Song 3231","Artist 35","Pop",2015,73,0.42,0.21,-8.7,0.92,0.71,0.46,145.14,2.91
"Song 3232","Artist 36","Electronic",2020,96,0.55,0.95,-6.54,0.96,0.69,0.52,138.22,4.53
"Song 3233","Artist 65","Pop",2023,62,0.22,0.92,-14.46,0.48,0.75,0.09,164.32,4.51
"Song 3234","Artist 74","Country",2016,44,0.93,0.83,-2.06,0.58,0.68,0.65,76.06,5.6
"Song 3235","Artist 87","Pop",2018,20,0.24,0.78,-6.03,0.98,0.89,0.95,115.06,4.11
"Song 3236","Artist 26","Electronic",2023,42,0.43,0.68,-14.9,0.85,0.22,0.48,109.05,3.73
"Song 3237","Artist 80","Pop",2020,67,0.42,0.92,-7.97,0.03,0.72,0.25,143.82,5.73
"Song 3238","Artist 94","Indie",2025,76,0.63,0.82,-3.53,0.59,0.27,0.08,158.45,5.15
"Song 3239","Artist 21","R&B",2019,22,0.3,0.3,-5.37,0.3,0.31,0.03,116.53,3.78
"Song 3240","Artist 36","Pop",2015,70,0.33,0.45,-10.24,0.25,0.14,0.22,72.54,5.92
"Song 3241","Artist 25","Electronic",2024,100,0.28,0.88,-14.33,0.75,0.31,0.42,81.93,3.04
"Song 3242","Artist 87","Indie",2016,90,0.51,1,-6.68,0.14,0.15,0.05,179.3,3.14
"Song 3243","Artist 55","Hip-Hop",2016,88,0.75,0.49,-5.05,0.79,0.65,0.33,132.25,4.41
"Song 3244","Artist 76","R&B",2025,46,0.35,0.84,-12.51,0.03,0.99,0.85,118.94,4.41
"Song 3245","Artist 55","R&B",2022,58,0.67,0.43,-8.87,0.38,0.7,0.13,157.88,5.38
"Song 3246","Artist 7","R&B",2016,62,0.24,0.28,-2.23,0.77,0.92,0.13,74.26,5.45
"Song 3247","Artist 21","Metal",2022,66,0.3,0.45,-10.72,0.78,0.38,0.2,120.01,3.34
"Song 3248","Artist 89","Hip-Hop",2017,69,0.59,0.85,-6.59,0.98,0.04,0.21,168.47,5.77
"Song 3249","Artist 24","Hip-Hop",2021,44,0.52,0.63,-6.14,0.88,0.37,0.28,175.16,3.4
"Song 3250","Artist 57","Metal",2019,28,0.24,0.47,-12.23,0.66,0.07,0.86,112.12,3.54
"Song 3251","Artist 91","Indie",2020,26,0.52,0.59,-8.65,0.59,0.87,0.89,83.81,5.6
"Song 3252","Artist 51","R&B",2021,72,0.56,0.83,-3.38,0.82,0.08,0.36,83.23,2.44
"Song 3253","Artist 38","Hip-Hop",2017,42,0.83,0.81,-4.21,0.94,0.31,0.5,132.17,4.62
"Song 3254","Artist 51","Metal",2016,48,0.9,0.4,-7.74,0.98,0.27,0.47,118.16,3.33
"Song 3255","Artist 92","Hip-Hop",2018,93,0.31,0.64,-5.82,0.47,0.3,0.76,142.85,3.65
"Song 3256","Artist 59","R&B",2019,49,0.46,0.9,-9.48,0.7,0.3,0.33,116.19,2.7
"Song 3257","Artist 18","Rock",2023,77,0.73,0.52,-7.27,0.41,0.47,0.15,146.78,2.87
"Song 3258","Artist 14","Pop",2018,42,0.21,0.4,-14.51,0.39,0.51,0.12,93,2.61
"Song 3259","Artist 90","Electronic",2019,20,0.59,0.73,-6,0.97,0.73,0.31,146.47,2.17
"Song 3260","Artist 48","Metal",2022,31,0.52,0.91,-6.26,0.98,0.54,0.31,141.06,3.52
"Song 3261","Artist 43","Jazz",2017,25,0.58,0.41,-4.95,0.4,0.17,0.79,103.68,4.78
"Song 3262","Artist 49","Jazz",2016,68,0.5,0.41,-6.54,0.06,0.38,0.7,133.35,5.2
"Song 3263","Artist 40","Electronic",2023,41,0.44,0.28,-2.26,0.22,0.57,0.03,73.64,2.07
"Song 3264","Artist 29","Electronic",2022,26,0.37,0.93,-4.27,0.78,0.61,0.72,129.75,3.87
"Song 3265","Artist 23","Rock",2018,82,0.77,0.48,-2.54,0.5,0.84,0.5,96,4.19
"Song 3266","Artist 71","Country",2020,97,0.97,0.67,-12.33,0.3,0.04,0.47,139.75,4.03
"Song 3267","Artist 4","Indie",2024,66,0.32,0.78,-7.07,0.03,0.1,0.54,111.36,5.87
"Song 3268","Artist 76","Indie",2015,36,0.4,0.54,-4.98,0.25,0.49,0.84,83.14,3.17
"Song 3269","Artist 60","Classical",2025,60,0.52,0.48,-9.67,0.46,0.4,0.3,129.68,4.87
"Song 3270","Artist 82","Country",2022,91,0.96,0.41,-14.05,0.31,0.67,0.23,151.51,2.71
"Song 3271","Artist 26","R&B",2023,73,0.78,0.97,-12.99,0.21,0.54,0.21,139.89,4.69
"Song 3272","Artist 17","R&B",2025,57,0.45,0.32,-7.36,0.32,0.59,0.26,121.25,5.58
"Song 3273","Artist 60","Rock",2020,20,0.79,0.47,-10.96,0.88,0.12,0.44,148.2,4.58
"Song 3274","Artist 30","Indie",2022,60,0.62,0.49,-9.49,0.41,0.77,0.54,123.85,3.94
"Song 3275","Artist 33","Metal",2019,48,0.45,0.41,-7.74,0.86,0.32,0.8,123.55,3.15
"Song 3276","Artist 38","Hip-Hop",2017,99,0.55,0.21,-2.71,0.68,0.92,0.5,169.48,3.6
"Song 3277","Artist 34","Rock",2019,75,0.89,0.78,-4.16,0.85,0.8,0.86,123.58,4.65
"Song 3278","Artist 42","Indie",2015,21,0.43,0.79,-12.4,0.44,0.83,0.14,141.57,2.22
"Song 3279","Artist 50","Electronic",2021,100,0.71,0.3,-6.13,0.24,0.12,0.71,121.38,5.72
"Song 3280","Artist 97","Metal",2017,89,0.35,0.51,-2,0.31,0.74,0.77,103.91,4.42
"Song 3281","Artist 88","Country",2017,78,0.27,0.44,-11.72,0.66,0.39,0.99,74.3,3.45
"Song 3282","Artist 34","Country",2018,35,0.37,0.74,-5.02,0.64,0.01,0.07,105.56,4.58
"Song 3283","Artist 85","Hip-Hop",2022,91,0.86,0.61,-11.09,0.23,0.35,0.99,115.76,5.07
"Song 3284","Artist 42","R&B",2023,63,0.37,0.56,-3.16,0,0.45,0.33,157.28,2.21
"Song 3285","Artist 75","Country",2017,69,0.95,0.21,-8.68,0.14,0.88,0.92,135.92,5.79
"Song 3286","Artist 30","Rock",2019,70,0.69,0.44,-11.64,0.13,0.39,0.1,164.29,2.61
"Song 3287","Artist 8","Hip-Hop",2023,39,1,0.71,-14.67,0.27,0.5,0.89,116.52,2.51
"Song 3288","Artist 93","Jazz",2018,51,0.49,1,-10.96,0.66,0.56,0.13,165.71,3.13
"Song 3289","Artist 98","Rock",2021,89,0.27,0.21,-4.24,0.96,0.99,0.81,113.93,5.89
"Song 3290","Artist 60","Pop",2025,39,0.53,0.7,-10.19,0.31,0.14,0.01,139.81,3.83
"Song 3291","Artist 55","Metal",2019,79,0.89,0.83,-10.66,0.94,0.15,0.26,83.61,2.44
"Song 3292","Artist 78","Hip-Hop",2025,52,0.6,0.59,-2.34,0.54,0.43,0.64,111.78,2.57
"Song 3293","Artist 4","Hip-Hop",2022,76,0.61,0.31,-4.24,0.64,0.12,0.59,107.39,3.63
"Song 3294","Artist 26","Jazz",2020,79,0.58,0.27,-11.06,0.32,0.6,0.83,144.05,4.19
"Song 3295","Artist 50","Country",2019,86,0.69,0.87,-13.25,0.9,0.93,0.33,111.37,5.43
"Song 3296","Artist 36","Classical",2016,74,0.3,0.48,-14.88,0.62,0.37,0.64,117.37,5.71
"Song 3297","Artist 81","Country",2024,76,0.48,0.7,-7.01,0.43,0.13,0.09,176.7,5.69
"Song 3298","Artist 10","R&B",2021,80,0.56,0.66,-10.87,0.95,0.34,0.41,101.18,2.29
"Song 3299","Artist 51","Hip-Hop",2017,74,0.69,0.32,-10.72,0.83,0.78,0.73,87.27,3.75
"Song 3300","Artist 58","Country",2022,62,0.39,0.79,-12.91,0.15,0.67,0.82,159.34,2.04
"Song 3301","Artist 65","Metal",2025,76,0.64,0.46,-2.07,0.36,0.52,0.7,163.28,3.41
"Song 3302","Artist 14","Pop",2024,94,0.56,0.68,-2.6,0.18,0.45,0.79,156.12,5.56
"Song 3303","Artist 69","Indie",2017,78,0.54,0.74,-12.75,0.65,0.59,0.03,101.31,4.27
"Song 3304","Artist 77","Classical",2024,56,0.37,0.21,-3.94,0.09,0.53,0.21,103.3,3.21
"Song 3305","Artist 79","Country",2020,21,0.86,0.29,-2.15,0.35,0.75,0.89,160.96,2.74
"Song 3306","Artist 52","Jazz",2015,70,0.49,0.47,-8.93,0.16,0.28,0.98,173.39,5.9
"Song 3307","Artist 92","Metal",2018,37,0.49,0.32,-3.24,0.38,0.12,0.94,70.46,4.81
"Song 3308","Artist 60","Classical",2017,65,0.54,0.99,-7.03,0.81,0.49,0.79,72.01,3.27
"Song 3309","Artist 84","Jazz",2025,34,0.51,0.23,-6.55,0.95,1,0.79,88.5,5.06
"Song 3310","Artist 20","Hip-Hop",2020,54,0.99,0.5,-14.92,0.76,0.84,0.65,158.74,3.11
"Song 3311","Artist 71","Classical",2022,42,0.8,0.22,-10.27,0.82,0.73,0.67,155.27,3.45
"Song 3312","Artist 32","Jazz",2019,64,0.23,0.41,-11.18,0.49,0.92,0.46,104.97,3.41
"Song 3313","Artist 44","Pop",2017,63,0.91,0.29,-11.65,0.45,0.15,0.21,137.24,2.21
"Song 3314","Artist 21","Indie",2015,72,0.65,0.64,-5.58,0.82,0.06,0.51,149.26,3.35
"Song 3315","Artist 56","Metal",2019,29,0.83,0.71,-12.74,0.63,0.38,0.06,133.75,2.79
"Song 3316","Artist 32","Jazz",2018,76,0.58,0.49,-10.93,0.25,0.88,0.91,84.21,3.62
"Song 3317","Artist 50","Country",2024,36,0.77,0.81,-8.38,0.69,0.2,0.71,126.56,5.67
"Song 3318","Artist 39","Hip-Hop",2018,48,0.42,0.81,-5.15,0.31,0.16,0.71,121.22,2.97
"Song 3319","Artist 36","Jazz",2024,23,0.27,0.51,-4.1,0.86,0.51,0.69,126.11,2.75
"Song 3320","Artist 43","Jazz",2018,44,0.38,0.68,-10.15,0.2,0.05,0.33,91.97,5.68
"Song 3321","Artist 94","Indie",2016,67,0.76,0.29,-7.92,0.81,0.42,0.76,108.13,2.4
"Song 3322","Artist 34","Country",2025,43,0.6,0.45,-8.23,0.26,0.52,0.97,166.66,4.52
"Song 3323","Artist 99","Hip-Hop",2024,43,1,0.71,-7.31,0.38,0.96,0.75,126.25,2.49
"Song 3324","Artist 99","Indie",2018,70,0.72,0.27,-14.35,0.83,0.95,0.36,159.64,5.94
"Song 3325","Artist 5","Metal",2017,21,0.69,0.95,-12.04,0.78,0.34,0.3,98.72,4.42
"Song 3326","Artist 37","Pop",2023,91,0.53,0.43,-12.62,0.79,0.25,0.67,122.11,2.95
"Song 3327","Artist 47","Jazz",2025,90,0.93,0.57,-2.37,0.96,0.63,0.55,170.98,4.68
"Song 3328","Artist 4","Rock",2020,56,0.27,0.95,-4.89,0.36,0.53,0.25,79.58,5.46
"Song 3329","Artist 98","Hip-Hop",2024,42,0.37,0.85,-2.56,0.45,0.13,0.68,102.48,4.77
"Song 3330","Artist 18","Electronic",2022,89,0.83,0.92,-4.47,0.52,0.45,0.74,137.52,3.62
"Song 3331","Artist 38","Indie",2023,45,0.65,0.46,-11.66,0.75,0.38,0.39,160.18,3.46
"Song 3332","Artist 35","R&B",2015,41,0.73,0.48,-5.66,0.98,0.09,0.63,179.08,5.22
"Song 3333","Artist 93","Hip-Hop",2019,56,0.27,0.34,-4.69,0.19,0.89,0.45,107.6,2.54
"Song 3334","Artist 87","Rock",2016,76,0.39,0.38,-10.18,0.28,0.06,0.5,125.92,4.13
"Song 3335","Artist 74","Indie",2023,47,0.49,0.59,-4,0.75,0.74,0.7,78.42,3.99
"Song 3336","Artist 82","Rock",2017,52,0.8,0.67,-4.93,0.68,0.28,0.56,127.34,4.81
"Song 3337","Artist 66","Jazz",2018,89,0.65,0.54,-5.28,0.59,0.96,1,173.7,5.89
"Song 3338","Artist 55","R&B",2024,92,0.67,0.54,-3.01,0.82,0.91,0.22,134.24,4.06
"Song 3339","Artist 98","Electronic",2025,49,0.44,0.33,-12.09,0.45,0.62,0.22,159.81,4.82
"Song 3340","Artist 97","Rock",2017,77,0.49,0.22,-9.5,0.19,0.58,0.51,153.33,5.51
"Song 3341","Artist 72","R&B",2022,97,0.65,0.92,-7.38,0.43,0.45,0.96,101.42,5.87
"Song 3342","Artist 86","Country",2019,63,0.71,0.28,-7.86,0.49,0.91,0.09,120.41,2.35
"Song 3343","Artist 82","Pop",2019,98,0.26,0.86,-3.91,0.44,0.6,0.67,120.17,5.42
"Song 3344","Artist 100","Metal",2021,39,0.48,0.85,-11.54,0.7,0.78,0.29,75.46,4.71
"Song 3345","Artist 6","Hip-Hop",2024,30,0.81,0.64,-12.35,0.15,0.29,0.1,108.39,4.39
"Song 3346","Artist 54","R&B",2025,42,0.28,0.66,-7.26,0.06,0.94,0.09,86.83,5.99
"Song 3347","Artist 41","Metal",2015,80,0.77,0.55,-7.99,0.71,0.08,0.79,84.54,4.29
"Song 3348","Artist 77","Hip-Hop",2025,64,0.58,0.67,-12.25,0.69,0.79,0.4,141.75,3.98
"Song 3349","Artist 14","Pop",2023,71,0.46,0.57,-9.88,0.56,0.66,0.67,79.82,5.2
"Song 3350","Artist 89","Hip-Hop",2020,60,0.99,0.67,-9.22,0.92,0.89,0.24,175.07,5.48
"Song 3351","Artist 77","Jazz",2017,39,0.29,0.65,-2.67,0.4,0.19,0.12,133.14,5.98
"Song 3352","Artist 100","Hip-Hop",2024,79,0.65,0.32,-7.25,0.2,0.1,0.64,73.04,4.27
"Song 3353","Artist 9","Country",2017,40,0.85,0.7,-5.3,0.46,0.72,0.32,156.97,4.94
"Song 3354","Artist 86","Hip-Hop",2017,27,0.45,0.79,-13.89,0.57,0.11,0.41,123.6,3.61
"Song 3355","Artist 34","Country",2021,99,0.88,0.39,-5.64,0.32,0.86,0.6,121.54,5.23
"Song 3356","Artist 76","Indie",2022,22,0.77,0.57,-11.38,0.66,0.28,0.52,107.85,4.05
"Song 3357","Artist 41","Country",2017,54,0.47,0.94,-13.14,0.84,0.56,0.26,144.19,2.39
"Song 3358","Artist 9","Pop",2021,51,0.44,0.98,-2.21,0.95,0.18,0.52,139.26,2.6
"Song 3359","Artist 82","Indie",2022,40,0.31,0.63,-7.62,0.28,0.68,0.01,138.01,5.87
"Song 3360","Artist 31","Country",2025,32,0.29,0.71,-13.32,0.74,0.35,0.91,110.18,5.2
"Song 3361","Artist 9","Metal",2019,34,0.63,0.3,-8.62,0.7,0.84,0.83,170.28,5.43
"Song 3362","Artist 89","Electronic",2023,21,0.35,0.78,-2.98,0.88,0.27,0.88,123.4,5.07
"Song 3363","Artist 98","Metal",2019,32,0.67,0.9,-6.79,0.26,0.26,0.92,70.16,5.9
"Song 3364","Artist 98","Electronic",2015,37,0.88,0.66,-10.44,0.78,0.42,0.68,170.56,5.85
"Song 3365","Artist 58","Electronic",2020,97,0.98,0.85,-5.24,0.67,0.29,0.87,87.58,2.82
"Song 3366","Artist 37","Electronic",2015,37,0.89,0.33,-8.07,0.94,0.79,0.91,106.49,3.42
"Song 3367","Artist 66","Classical",2022,37,0.22,0.94,-11.11,0.13,0.95,0.18,153.21,3.61
"Song 3368","Artist 20","Jazz",2024,33,0.46,0.92,-14.26,0.27,0.93,0.29,144.5,3.48
"Song 3369","Artist 63","Metal",2016,38,0.24,0.85,-8.6,0,0.9,0.17,178.75,2.01
"Song 3370","Artist 100","Hip-Hop",2017,52,0.94,0.72,-3.18,0.99,0.35,0.17,117.23,3.27
"Song 3371","Artist 84","Hip-Hop",2018,25,0.88,0.35,-7.17,0.75,0.98,0.67,92.17,3.41
"Song 3372","Artist 84","R&B",2017,91,0.4,0.71,-9.96,0.89,0.9,0.89,130.52,5.49
"Song 3373","Artist 40","Metal",2025,58,0.56,0.69,-7.25,0.17,0.66,0.62,173.16,2.73
"Song 3374","Artist 16","Jazz",2022,97,0.76,0.95,-2.55,0.36,0.73,0.15,76.37,3.04
"Song 3375","Artist 63","Indie",2020,66,0.23,0.56,-7.61,0.6,0.82,0.97,149.96,3.63
"Song 3376","Artist 2","Jazz",2016,30,0.21,0.79,-2.39,0.78,0.38,0.53,120.8,2.31
"Song 3377","Artist 44","Classical",2015,44,0.26,0.24,-13.71,0.83,0.48,0.98,170.74,4.79
"Song 3378","Artist 16","Hip-Hop",2017,51,0.65,0.28,-9.16,0.74,0.04,0.24,122.87,3.95
"Song 3379","Artist 20","Country",2025,56,0.47,0.45,-7.77,0.28,0.9,0.99,115.44,4.48
"Song 3380","Artist 65","Classical",2018,97,0.97,0.25,-14.8,0.34,0.6,0.16,111.24,5.84
"Song 3381","Artist 17","Rock",2024,75,0.58,0.39,-2.25,0.05,0.16,0.75,72.97,3.54
"Song 3382","Artist 9","Country",2020,58,0.22,0.65,-3.93,0.76,0.61,0.96,170.79,4.63
"Song 3383","Artist 38","Pop",2018,56,0.65,0.29,-2.7,0.7,0.49,0.16,167.75,4.28
"Song 3384","Artist 32","Country",2020,69,0.36,0.96,-3.4,0.19,0,0.07,113.29,5.91
"Song 3385","Artist 89","Country",2018,48,0.95,0.97,-14.05,0.42,0.69,0.14,146.2,3.01
"Song 3386","Artist 74","Pop",2016,51,0.97,0.49,-2.17,0.7,0.2,0.83,172,5.02
"Song 3387","Artist 90","Jazz",2022,66,0.58,0.99,-9.6,0.8,0.36,0.19,167.27,5.37
"Song 3388","Artist 48","Indie",2023,58,0.61,0.68,-2.11,0.35,0.42,0.05,169.15,4.11
"Song 3389","Artist 32","Country",2019,66,0.27,0.45,-14.93,0.09,0.97,0.93,113.65,2.97
"Song 3390","Artist 19","Electronic",2025,59,0.95,0.68,-5.44,0.78,0.35,0.66,163.6,4.61
"Song 3391","Artist 75","Electronic",2023,53,0.73,0.82,-9.9,0.32,0.27,0.51,116.78,3.83
"Song 3392","Artist 79","Jazz",2018,94,0.72,0.8,-5.21,0.71,0.16,0.96,85.41,4.6
"Song 3393","Artist 7","Classical",2017,29,0.28,0.57,-5.4,0.25,0.95,0.63,164.68,3.64
"Song 3394","Artist 92","Rock",2017,44,0.98,0.86,-2.06,0.22,0.07,0.01,176.86,5.53
"Song 3395","Artist 3","Indie",2023,84,0.6,0.7,-10.49,0.92,0.67,0.13,88.89,2.23
"Song 3396","Artist 60","Electronic",2017,39,0.58,0.86,-11.85,0.1,0.4,0.89,109.06,3.61
"Song 3397","Artist 82","Indie",2020,30,0.41,0.25,-11.44,0.32,0.33,0.8,174.55,5.05
"Song 3398","Artist 51","Country",2021,92,0.54,0.8,-6.33,0.11,0.32,0.77,127.31,4.53
"Song 3399","Artist 18","Classical",2024,47,0.22,0.7,-12.44,0.85,0.16,0.21,136.22,5.47
"Song 3400","Artist 25","Jazz",2024,39,0.21,0.5,-11.52,0.79,0.13,0.8,104.59,2.99
"Song 3401","Artist 18","Rock",2016,24,0.23,0.7,-12.01,0.41,0.55,0.12,179.73,5.27
"Song 3402","Artist 97","Country",2025,43,0.3,0.59,-6.43,0.44,0.23,0.57,109.17,2.16
"Song 3403","Artist 94","Classical",2022,59,0.86,0.79,-3.73,0.5,0.36,0.91,169.48,2.73
"Song 3404","Artist 4","Indie",2022,41,0.44,0.77,-14.76,0.84,0.85,0.85,115.12,5.57
"Song 3405","Artist 10","Indie",2020,47,0.76,0.67,-4.02,0.72,0.19,0.06,71.44,2.81
"Song 3406","Artist 19","Electronic",2018,93,0.86,0.88,-4.82,0.34,0.31,0.51,75.43,3.51
"Song 3407","Artist 38","Electronic",2018,77,0.46,0.8,-4.47,0.7,0.84,0.12,133.13,3.66
"Song 3408","Artist 21","Electronic",2022,43,0.54,0.81,-5.12,0.84,0.83,0.68,174.33,2.89
"Song 3409","Artist 36","Pop",2025,52,0.67,0.35,-10.94,0.1,0.94,0.65,121.21,5.69
"Song 3410","Artist 72","Classical",2025,89,0.91,0.77,-4.8,0.48,0.24,0.85,100.06,2.48
"Song 3411","Artist 71","Country",2015,95,0.47,0.61,-8.52,0.4,0.83,0.4,125.46,4.11
"Song 3412","Artist 33","Metal",2022,58,0.98,0.98,-2.13,0.61,0.7,0.14,160.91,5.27
"Song 3413","Artist 34","Jazz",2016,72,0.23,0.94,-3.16,0.69,0.82,0.59,123.69,5.95
"Song 3414","Artist 13","Electronic",2023,76,0.8,0.7,-4.89,0.19,0.8,0.52,168.15,4.29
"Song 3415","Artist 99","Electronic",2017,46,0.95,0.86,-12.89,0.38,0.83,0.04,150.29,3.41
"Song 3416","Artist 32","R&B",2015,48,0.68,0.68,-6.06,0.1,0.08,0.31,149.01,4.76
"Song 3417","Artist 12","Indie",2019,50,0.5,0.86,-2.53,0.07,0.59,0.38,118.61,4.94
"Song 3418","Artist 4","Indie",2024,45,0.25,0.74,-4.9,0.97,0.46,0.51,176.84,4.17
"Song 3419","Artist 89","Indie",2016,64,0.73,0.74,-8.13,0.51,0.8,0.26,135.13,4.69
"Song 3420","Artist 91","Indie",2021,35,0.88,0.89,-6.45,0.89,0.2,0.74,80.88,4.65
"Song 3421","Artist 51","R&B",2017,29,0.4,0.76,-8.29,0.43,0.39,0.36,111.72,4.59
"Song 3422","Artist 76","Country",2021,87,0.97,0.89,-3.8,0.91,0.89,0.88,104.33,4.21
"Song 3423","Artist 1","Pop",2024,83,0.58,0.38,-11.6,0.16,0.85,0.39,73.43,2.06
"Song 3424","Artist 89","Pop",2024,23,0.5,0.51,-7.17,0.14,0.41,0.92,111.17,2.58
"Song 3425","Artist 81","Jazz",2015,64,0.28,0.76,-7.45,0.4,0.24,0.94,106.04,3.12
"Song 3426","Artist 16","Metal",2024,41,0.52,0.96,-8.53,0.24,0.78,0.71,117.48,5.27
"Song 3427","Artist 2","Indie",2024,80,0.94,0.71,-9.87,0.51,0.83,0.78,100.63,2.78
"Song 3428","Artist 71","R&B",2019,20,0.86,0.4,-5.07,0.05,0.31,0.12,132.17,2.71
"Song 3429","Artist 64","Electronic",2015,55,0.51,0.86,-14.07,0.24,0.54,0.31,139.8,5.35
"Song 3430","Artist 31","Pop",2018,71,0.56,0.63,-14.72,0.9,0.62,0.83,126.87,2.76
"Song 3431","Artist 59","Rock",2016,71,0.56,0.39,-14.68,0.06,0.71,0.91,82.67,3.28
"Song 3432","Artist 46","Jazz",2022,38,0.24,0.27,-11.49,0.53,0.68,0.92,112.94,5.03
"Song 3433","Artist 59","Jazz",2023,41,0.42,0.24,-3.21,0.18,0.32,0.06,111.37,3.22
"Song 3434","Artist 15","Hip-Hop",2019,42,0.31,0.45,-5.25,0.23,0.42,0.95,81.3,2.2
"Song 3435","Artist 16","Country",2023,99,0.33,0.67,-11.99,0.92,0.82,0.86,98.64,3.46
"Song 3436","Artist 94","Hip-Hop",2016,98,0.91,0.47,-2.51,0.81,0.44,0.7,136.41,2.67
"Song 3437","Artist 39","Classical",2023,82,0.89,0.78,-8.79,0.88,0.44,0.86,137.09,5.97
"Song 3438","Artist 100","Hip-Hop",2020,97,0.95,0.41,-14.12,0.23,0.59,0.23,97.41,3.46
"Song 3439","Artist 32","Pop",2020,96,0.5,0.48,-5.03,0.24,0.65,0.74,89.47,3.46
"Song 3440","Artist 68","Metal",2023,23,0.51,0.46,-3.43,0.68,0.33,0.16,82.51,3.15
"Song 3441","Artist 74","Country",2019,89,0.8,0.21,-13.82,0.06,0.76,0.42,152.56,5.59
"Song 3442","Artist 10","Rock",2018,99,0.83,0.85,-4.24,0.14,0.18,0.89,131.64,5.44
"Song 3443","Artist 65","R&B",2019,40,0.51,0.38,-14.32,0.45,0.23,0.12,139.56,3.54
"Song 3444","Artist 46","Jazz",2018,28,0.25,0.3,-2.94,0.55,0.86,0.68,115.64,4.43
"Song 3445","Artist 93","Jazz",2017,35,0.46,0.93,-8.42,0.96,0.67,0.28,73.55,3.69
"Song 3446","Artist 100","Electronic",2021,76,0.51,0.43,-4.52,0.93,0.8,0.06,142.81,3.3
"Song 3447","Artist 40","Jazz",2021,87,0.7,0.55,-12.76,0.08,0.03,0.63,159.9,2.93
"Song 3448","Artist 75","Jazz",2015,55,0.48,0.8,-13.48,0.07,0.66,0.39,85.56,3.55
"Song 3449","Artist 6","Jazz",2024,41,0.23,0.34,-12.06,0.33,0.46,0.72,123.45,3.02
"Song 3450","Artist 49","Electronic",2025,39,0.67,0.23,-5.38,0.76,0.77,0.1,142.95,3.17
"Song 3451","Artist 12","Rock",2017,28,0.98,0.9,-6.77,0.61,0.89,0.12,158.54,3.26
"Song 3452","Artist 55","Pop",2018,48,0.43,0.82,-8.67,0.98,0.37,0.84,99.63,2.02
"Song 3453","Artist 29","Country",2023,76,0.49,0.74,-12.99,0.82,0.82,0.23,158.14,5.48
"Song 3454","Artist 1","Pop",2016,63,0.49,0.45,-10.06,0.87,0.35,0.77,141,3.56
"Song 3455","Artist 67","Metal",2021,87,0.37,0.42,-11.41,0.13,0.19,0.52,169.71,4.66
"Song 3456","Artist 70","Country",2021,21,0.63,0.84,-12.28,0.8,0.32,0.84,169.07,4.49
"Song 3457","Artist 92","Jazz",2018,83,0.37,0.78,-13.58,0.12,0.02,0.92,111.94,4.22
"Song 3458","Artist 2","Country",2021,30,0.33,0.29,-4.11,0.2,0.28,0.99,150.08,2.93
"Song 3459","Artist 72","Hip-Hop",2024,66,0.31,0.53,-9.06,0.37,0.1,0.6,93.48,2.7
"Song 3460","Artist 95","Metal",2025,99,0.32,0.44,-9.14,0.24,0.3,0.9,145.88,2.51
"Song 3461","Artist 98","Classical",2023,23,0.76,0.61,-3.87,0.2,0.15,0.33,70.7,2.02
"Song 3462","Artist 52","Jazz",2023,94,0.84,0.58,-8.04,0.86,0.48,0.98,166.05,4.39
"Song 3463","Artist 49","Electronic",2016,43,0.42,0.96,-9.17,0.05,0.06,0.25,167.52,3.16
"Song 3464","Artist 64","Electronic",2024,36,0.33,0.51,-13.74,0.88,0.75,0.33,121.84,2.54
"Song 3465","Artist 36","Classical",2018,52,0.67,0.76,-11.92,0.33,0.3,0.98,88.56,2.15
"Song 3466","Artist 71","Rock",2017,20,0.89,0.34,-10.19,0.26,0.07,0.64,98.6,2.73
"Song 3467","Artist 90","Metal",2019,72,0.5,0.52,-2.46,0.8,0.66,0.93,85.52,4.29
"Song 3468","Artist 63","Pop",2023,70,0.26,0.72,-2.18,0.34,0.69,0.08,85.29,3.97
"Song 3469","Artist 61","Country",2016,58,0.35,0.31,-2.36,0.27,0.03,0.22,89.93,5.81
"Song 3470","Artist 50","Indie",2023,85,0.52,0.76,-14.84,0.75,0.83,0.45,130.68,5.45
"Song 3471","Artist 84","Pop",2020,71,0.91,0.68,-14.47,0.75,1,0.21,108.86,5.36
"Song 3472","Artist 16","Indie",2020,27,0.21,0.94,-2.3,0.22,0.24,0.49,166.93,5.77
"Song 3473","Artist 24","Electronic",2024,98,0.85,0.59,-2.92,0.62,0.14,0.74,152.63,4.66
"Song 3474","Artist 1","Indie",2019,83,0.65,0.89,-11.7,0.99,0.65,0.51,71.62,4.69
"Song 3475","Artist 6","Country",2015,88,0.41,0.48,-7.87,0.34,0.63,0.14,168.48,4.4
"Song 3476","Artist 72","Classical",2025,85,0.67,0.4,-6.93,0.3,0.02,0.79,164.35,5.45
"Song 3477","Artist 67","Jazz",2023,96,0.55,0.91,-14.85,0.67,0.82,0.49,92.62,2.2
"Song 3478","Artist 70","Pop",2017,73,0.79,0.57,-12.6,0.3,0.86,0.83,162.18,5.97
"Song 3479","Artist 16","Classical",2018,98,0.74,0.62,-6.38,0.86,0.99,0.48,177.85,2.87
"Song 3480","Artist 34","Classical",2021,90,0.33,0.89,-8.66,0.27,0.32,0.82,146.8,4.3
"Song 3481","Artist 14","Hip-Hop",2023,74,0.24,0.58,-14.68,0.21,0.43,0.36,149.87,4.45
"Song 3482","Artist 59","Classical",2023,42,0.21,0.29,-13.38,0.34,0.21,0.68,144.27,3.41
"Song 3483","Artist 70","Metal",2023,42,0.53,0.49,-8.45,0.24,0.98,0.73,116.81,4.57
"Song 3484","Artist 23","Jazz",2016,72,0.49,0.25,-12.13,0.88,0.91,0.55,154.92,2.54
"Song 3485","Artist 85","Metal",2022,20,0.79,0.46,-9.35,0.17,0.89,0.94,147.59,5.16
"Song 3486","Artist 1","Rock",2022,67,0.26,0.73,-14.68,0.98,0.94,0.05,170.12,4.5
"Song 3487","Artist 86","Classical",2016,66,0.59,0.49,-2.34,0.1,0.92,0.25,137.36,3.04
"Song 3488","Artist 68","Hip-Hop",2018,54,0.51,0.37,-2.46,0.53,0.85,0.2,123.1,3.27
"Song 3489","Artist 27","Classical",2015,26,0.22,0.9,-6.05,0.61,0.98,0.75,123.26,5.44
"Song 3490","Artist 43","Classical",2020,77,0.86,0.75,-4.76,0.04,0.64,0.23,130.12,2.85
"Song 3491","Artist 94","Jazz",2024,93,0.92,0.6,-3.78,0.68,0.23,0.81,99,5.55
"Song 3492","Artist 30","Electronic",2022,86,0.79,0.99,-11.56,0.8,0.2,0.66,75.45,5.17
"Song 3493","Artist 66","Electronic",2019,54,0.6,0.75,-10.66,0.91,0.09,0.97,137.88,2.66
"Song 3494","Artist 20","Indie",2020,75,0.88,0.87,-9.77,0.93,0.2,0.29,178.41,3.94
"Song 3495","Artist 20","Metal",2025,28,0.37,0.71,-12.47,0.34,0.53,0.91,81.81,4.24
"Song 3496","Artist 64","Pop",2022,51,0.73,0.8,-5.08,0.88,0.24,0.72,108.89,2.06
"Song 3497","Artist 1","Hip-Hop",2015,38,0.24,1,-12.13,0.87,0.8,0.54,121.9,5.77
"Song 3498","Artist 32","Jazz",2024,44,0.63,0.52,-14.62,0.13,0.81,0.68,88.28,3.79
"Song 3499","Artist 74","Electronic",2018,91,0.82,0.66,-13.81,0.79,0.69,0.75,173.91,2.29
"Song 3500","Artist 57","Country",2015,80,0.96,0.96,-5.34,0.18,0.18,0.12,119.16,5.98
"Song 3501","Artist 78","Rock",2022,49,0.67,0.31,-13.3,0.47,0.3,0.13,103.97,3.49
"Song 3502","Artist 65","Pop",2025,92,0.69,0.28,-6.52,0.36,0.64,0.35,163.5,2.14
"Song 3503","Artist 39","Rock",2018,44,0.6,0.63,-11.87,0.94,0.54,0.47,99.4,2.31
"Song 3504","Artist 11","Indie",2024,39,0.77,0.88,-3.74,0.25,0.97,0.78,170.58,5.37
"Song 3505","Artist 39","Pop",2016,35,0.88,0.47,-12.63,0.92,0.71,0.17,93.53,5.92
"Song 3506","Artist 29","Indie",2023,98,0.84,0.9,-12.56,0.12,0.69,0.24,134.7,3.8
"Song 3507","Artist 46","Indie",2021,31,0.88,0.8,-9.09,0.54,0.46,0.94,159.01,5.11
"Song 3508","Artist 91","Electronic",2025,52,0.48,0.26,-7.5,0.27,0.47,0.33,130.84,2.05
"Song 3509","Artist 61","Indie",2023,91,0.93,0.68,-11.38,0.82,0.74,0.18,94.48,5.57
"Song 3510","Artist 69","Country",2016,57,0.44,0.33,-5.44,0.22,0.4,0.78,108.5,3.91
"Song 3511","Artist 86","Indie",2024,38,0.7,0.43,-9.31,0.06,0.09,0.45,161.84,4.14
"Song 3512","Artist 58","Classical",2019,88,0.27,0.29,-3.55,0.01,0.69,0.29,114.07,5.17
"Song 3513","Artist 46","Indie",2018,72,0.33,0.5,-2.65,0.91,0.21,0.52,120.73,3.7
"Song 3514","Artist 44","Pop",2017,66,0.6,0.75,-10.74,0.27,0.2,0.67,76.43,2.62
"Song 3515","Artist 40","Indie",2016,36,0.46,0.74,-9.38,0.03,0.05,0.65,154.73,4.81
"Song 3516","Artist 32","Metal",2019,62,0.79,0.85,-3.09,0.81,0.21,0.1,110.97,3.72
"Song 3517","Artist 71","Jazz",2022,78,0.83,0.56,-2.29,0.73,0.65,0.67,84.2,4.11
"Song 3518","Artist 86","Pop",2017,59,0.45,0.39,-3.5,0.51,0.13,0.88,153.41,3.82
"Song 3519","Artist 100","Electronic",2019,25,0.7,0.33,-3.83,0.03,0.18,0.02,97.93,4.48
"Song 3520","Artist 97","Country",2017,92,0.73,0.91,-7.32,0.06,0.85,0.41,164.61,5.3
"Song 3521","Artist 34","Classical",2023,31,0.26,0.53,-13.2,0.29,0.63,0.82,85.4,2.29
"Song 3522","Artist 1","Electronic",2021,81,0.62,0.39,-14.44,0.88,0.14,0.37,105.4,3.42
"Song 3523","Artist 11","Pop",2022,94,0.87,0.35,-9.77,0.07,0.98,0.03,71.72,4.4
"Song 3524","Artist 40","Metal",2021,70,0.73,0.24,-14.16,0.03,0.37,0.9,108.12,4.06
"Song 3525","Artist 48","Indie",2017,22,0.27,0.6,-9.19,0.77,0.02,0.05,104.55,5.31
"Song 3526","Artist 13","R&B",2021,68,0.4,0.35,-12.67,0.24,0.62,0.54,84.16,3.4
"Song 3527","Artist 17","Jazz",2023,26,0.32,0.7,-6.48,0.57,0.24,0.68,122.89,5.13
"Song 3528","Artist 11","R&B",2023,73,0.49,0.86,-6.61,0.82,0.74,0.39,159.46,5.55
"Song 3529","Artist 64","Metal",2024,76,0.39,0.48,-14,0.32,0.07,0.97,147.68,2.18
"Song 3530","Artist 58","Rock",2024,48,0.46,0.64,-5.62,0,0.64,0.13,142.04,5.16
"Song 3531","Artist 74","Country",2022,92,0.63,0.22,-3.41,0.44,0.79,0.21,98.25,5.09
"Song 3532","Artist 50","Electronic",2015,85,0.59,0.61,-8.06,0.74,0.54,0.8,115.89,3.31
"Song 3533","Artist 14","Classical",2023,86,0.83,0.68,-4.55,0.65,0.37,0.81,78.31,2.37
"Song 3534","Artist 12","Electronic",2022,74,0.74,0.75,-3.79,0.79,0.06,0.07,139.69,3.79
"Song 3535","Artist 96","Metal",2020,65,0.83,0.69,-4.86,0.25,0.15,0.56,170.14,3.42
"Song 3536","Artist 73","Hip-Hop",2025,92,0.5,0.4,-5.09,0.81,0.4,0.64,122.41,3.74
"Song 3537","Artist 4","Indie",2017,65,0.83,0.24,-5.25,0.52,0.36,0.42,146.04,3.63
"Song 3538","Artist 59","Jazz",2024,52,0.23,0.89,-3.9,0.37,0.41,0.41,88.15,3.48
"Song 3539","Artist 43","Hip-Hop",2017,62,0.73,0.81,-9.2,0.34,0.64,0.35,143.95,5.15
"Song 3540","Artist 27","Rock",2022,73,0.42,0.42,-4.65,0.54,0.79,0.53,130.93,5.74
"Song 3541","Artist 100","Jazz",2016,57,0.8,0.99,-14.89,0.74,0.88,0.13,120.58,2.38
"Song 3542","Artist 50","Pop",2020,43,0.29,0.45,-10.36,0.46,0.27,0.29,147.43,2.65
"Song 3543","Artist 76","Hip-Hop",2019,28,0.28,0.41,-9.22,0.01,0.29,0.6,152.05,4.33
"Song 3544","Artist 9","Rock",2016,34,0.38,0.34,-7.02,0.44,0.5,0,119.25,4.27
"Song 3545","Artist 16","R&B",2024,87,0.99,0.84,-13.12,0.98,0.79,0.2,109.99,2.98
"Song 3546","Artist 28","Metal",2015,71,0.68,0.44,-10.95,0.91,0.78,0.23,121.6,5.8
"Song 3547","Artist 92","Indie",2015,32,1,0.33,-4.96,0.36,0.37,0.92,111.06,5.7
"Song 3548","Artist 77","Classical",2016,87,0.69,0.89,-13.1,0.92,0.34,0.32,136.22,2.58
"Song 3549","Artist 71","R&B",2024,64,0.41,0.28,-2.33,0.13,0.08,0.69,156.17,5.83
"Song 3550","Artist 3","Metal",2019,43,0.95,0.85,-4.12,0.88,0.15,0.45,91.31,4.58
"Song 3551","Artist 87","Classical",2024,55,0.36,0.38,-2.19,0.48,0.96,0.46,83.55,2.64
"Song 3552","Artist 12","Electronic",2016,77,0.52,0.57,-12.39,0.11,0.03,0.83,146.69,5.89
"Song 3553","Artist 88","Indie",2023,81,0.8,0.53,-9.56,0.83,0.7,0.58,156.66,2.16
"Song 3554","Artist 20","Country",2019,55,0.43,0.39,-5.86,0.08,0.2,0.13,131,3.69
"Song 3555","Artist 16","Jazz",2023,100,0.6,0.45,-8.11,0.71,0.9,0.04,123.11,2.57
"Song 3556","Artist 33","Classical",2016,97,0.6,0.57,-6.9,0.42,0.56,0.74,163.71,2.26
"Song 3557","Artist 43","Metal",2024,77,0.75,0.44,-9.09,0.18,0.93,0.54,179.51,5.91
"Song 3558","Artist 65","Hip-Hop",2022,55,0.37,0.33,-12.49,0.46,0.63,0.59,111.82,3.51
"Song 3559","Artist 52","Indie",2018,82,0.45,0.21,-4.13,0.43,0.96,0.98,124.24,3.78
"Song 3560","Artist 16","Rock",2016,64,0.78,0.5,-5.14,0.94,0.46,0.63,128.91,3.32
"Song 3561","Artist 35","R&B",2018,54,0.48,0.56,-14.62,0.63,0.96,0.87,100.28,2.2
"Song 3562","Artist 15","Country",2019,94,0.69,0.39,-8.73,0.58,0.79,0.92,149.9,2.51
"Song 3563","Artist 89","Country",2019,52,0.45,0.95,-11.42,0.69,0.71,0.14,163.47,4.43
"Song 3564","Artist 40","Classical",2020,29,0.67,0.54,-8.25,0.78,0.73,0.1,79.81,5.69
"Song 3565","Artist 17","Rock",2021,37,0.33,0.54,-11.34,0.13,0.3,0.05,96.7,2.61
"Song 3566","Artist 22","Hip-Hop",2015,57,0.88,0.46,-11.79,0.91,0.04,0.62,71.97,4.03
"Song 3567","Artist 30","Rock",2024,46,0.69,0.7,-8.99,0.35,0.28,0.6,159.33,4.18
"Song 3568","Artist 41","Metal",2016,96,0.95,0.53,-9.19,0.06,0.35,0.16,164.58,5.21
"Song 3569","Artist 13","Pop",2025,48,0.8,0.91,-13.08,0.17,0.59,0.9,156.32,4.85
"Song 3570","Artist 57","Metal",2015,21,0.47,0.76,-6.5,0.58,0.07,0.02,156.03,4.71
"Song 3571","Artist 1","Indie",2017,85,0.82,0.65,-12.44,0.2,0.6,0.77,166.77,3.9
"Song 3572","Artist 52","Pop",2017,37,0.9,0.73,-5.9,0.64,0.81,0.15,85.46,3.47
"Song 3573","Artist 76","Country",2023,96,0.86,1,-12.57,0.54,0.23,0.47,175.13,5.57
"Song 3574","Artist 31","Rock",2025,52,0.68,0.46,-11.75,0.65,0.01,0,73.76,3.04
"Song 3575","Artist 64","Classical",2016,51,0.85,0.91,-8.98,0.72,0.5,0.24,164.06,2.94
"Song 3576","Artist 94","Electronic",2019,86,0.96,0.81,-12,0.34,0.33,0.89,88.75,4.98
"Song 3577","Artist 34","Electronic",2017,77,0.4,0.89,-7.91,0.49,0.17,0.41,144.93,3.43
"Song 3578","Artist 42","Electronic",2021,41,0.96,0.22,-3.84,0.41,0.68,0.99,98.64,5.3
"Song 3579","Artist 5","Indie",2017,25,0.93,0.88,-14.54,0.95,0.55,0.02,174.46,2.57
"Song 3580","Artist 3","Metal",2015,20,0.85,0.92,-10.24,0.14,0.17,0.7,96.13,5.51
"Song 3581","Artist 5","Indie",2020,96,0.26,0.49,-10.19,0.9,0.6,0.38,157.3,5.98
"Song 3582","Artist 77","Hip-Hop",2025,45,0.96,0.92,-7.72,0.67,0.5,0.26,97.99,3.17
"Song 3583","Artist 79","Rock",2019,79,0.37,0.75,-8.37,0.08,0.24,0.01,81.73,3.11
"Song 3584","Artist 6","Hip-Hop",2017,81,0.57,0.81,-11.83,0.66,0.02,0.67,100.15,5.1
"Song 3585","Artist 65","Pop",2023,86,0.77,0.65,-8.82,0.74,0.33,0.48,175.66,2.22
"Song 3586","Artist 74","Jazz",2021,48,0.28,0.7,-12.65,0.24,0.63,0.33,80.96,2.25
"Song 3587","Artist 55","Classical",2016,78,0.81,0.49,-4.52,0.12,0.01,0.29,118.59,3.66
"Song 3588","Artist 25","R&B",2017,29,0.55,0.34,-6.33,0.79,0.61,0.15,113.73,4.64
"Song 3589","Artist 43","Pop",2015,98,0.81,0.36,-4.34,0.26,0.83,0.57,139.17,4.23
"Song 3590","Artist 20","Indie",2020,98,0.26,0.25,-10.83,0.37,0.12,0.73,138.98,2.97
"Song 3591","Artist 82","Indie",2022,27,0.44,0.98,-9.98,0.45,0.05,0.66,89.35,5.84
"Song 3592","Artist 15","Classical",2025,55,0.68,0.87,-8.13,0.68,0.84,0.71,118.37,4.03
"Song 3593","Artist 90","Country",2017,89,0.24,0.55,-12.65,0.52,0.08,0.65,86.02,2.59
"Song 3594","Artist 39","Country",2021,94,0.54,0.61,-4.08,0.65,0.36,0.93,176.39,4.96
"Song 3595","Artist 3","Classical",2022,48,0.33,0.94,-5.21,0.83,0.42,0.04,72.58,2.57
"Song 3596","Artist 88","Jazz",2016,93,0.61,0.97,-6.22,0.87,0.77,0.75,137.47,2.98
"Song 3597","Artist 61","Indie",2020,52,0.28,0.65,-13.12,0.24,0.55,0.8,148.45,2.04
"Song 3598","Artist 19","Metal",2020,70,0.33,0.39,-9.81,0.54,0.59,0.74,149.07,3.45
"Song 3599","Artist 37","Jazz",2018,22,0.31,0.96,-2.83,0.35,0.31,0.99,101.84,2.83
"Song 3600","Artist 47","Hip-Hop",2025,43,0.67,0.31,-10.78,0.26,0.81,0.97,70.52,4.53
"Song 3601","Artist 83","R&B",2022,58,0.76,0.89,-14.32,0.41,0.12,0.87,172.38,2.19
"Song 3602","Artist 54","Pop",2017,31,0.8,0.39,-4.05,0.28,0.5,0.46,145.03,5.97
"Song 3603","Artist 7","R&B",2016,44,1,0.49,-12.88,0.55,0.74,0.65,142.59,2.09
"Song 3604","Artist 92","Indie",2020,40,0.54,0.55,-2.77,0.91,0.59,0.63,106.74,2.54
"Song 3605","Artist 16","Hip-Hop",2019,94,0.23,0.92,-9.15,0.34,0.24,0.77,136.04,3.93
"Song 3606","Artist 5","Electronic",2017,25,0.59,0.29,-6.5,0.75,0.42,0.25,139.54,2.81
"Song 3607","Artist 24","Jazz",2023,100,0.38,0.77,-3.64,0.42,0.48,0.49,127.35,3.63
"Song 3608","Artist 56","Rock",2020,23,0.44,0.98,-14.63,0.21,0.12,0.09,134.32,3
"Song 3609","Artist 42","R&B",2016,68,0.57,0.62,-13.14,0.03,0.2,0.54,169.37,3.24
"Song 3610","Artist 33","Metal",2016,28,0.55,0.25,-2.53,0.92,0.4,0.12,91.23,5.75
"Song 3611","Artist 36","Hip-Hop",2024,65,0.69,0.65,-8.02,0.24,0.67,0.34,144.55,5.52
"Song 3612","Artist 27","R&B",2025,43,0.36,0.25,-13.22,0.5,0.08,0.33,146.57,4.95
"Song 3613","Artist 63","Metal",2025,73,0.79,0.56,-13.12,0.1,0.18,0.28,114.35,4.39
"Song 3614","Artist 20","Electronic",2017,93,0.32,0.51,-7.59,0.19,0.65,0.91,144.99,3.87
"Song 3615","Artist 9","Metal",2020,25,0.76,0.71,-3.61,0,0.52,0.15,108.79,2.49
"Song 3616","Artist 69","Indie",2018,50,0.64,0.38,-2.25,0.14,0.73,0.79,105.66,3.1
"Song 3617","Artist 7","Metal",2023,72,0.65,0.92,-3.8,0.59,0.11,0.11,74.93,2.4
"Song 3618","Artist 53","Indie",2018,23,0.3,0.31,-8.51,0.94,0.94,0.59,153.83,2.15
"Song 3619","Artist 33","Country",2018,87,0.57,0.21,-9.57,0.56,0.1,0.25,145.11,5.15
"Song 3620","Artist 52","Country",2022,67,0.28,1,-4.96,0.98,0.25,0.42,91.02,4.81
"Song 3621","Artist 2","Classical",2018,41,0.34,0.89,-7.54,0.81,0.68,0.43,91.26,2.08
"Song 3622","Artist 1","R&B",2015,40,0.68,0.34,-14.19,0.05,0.42,0.71,159.56,3.14
"Song 3623","Artist 31","Jazz",2019,21,0.52,0.3,-13,0.31,0.97,0.4,142.47,4.93
"Song 3624","Artist 42","Rock",2025,62,0.77,0.91,-5.87,0.64,0.09,0.83,102.67,2.83
"Song 3625","Artist 4","Rock",2018,95,0.56,0.41,-6.96,0.74,0.23,0.92,80.21,3.08
"Song 3626","Artist 36","R&B",2020,98,0.83,0.94,-9.15,0.84,0.56,0.47,134.61,2.84
"Song 3627","Artist 64","Jazz",2021,56,0.65,0.23,-7.27,0.63,0.97,0.91,167.23,4.54
"Song 3628","Artist 34","Classical",2018,68,0.3,0.45,-14.89,0.63,0.4,0.92,94.4,5.55
"Song 3629","Artist 16","Metal",2025,95,0.55,0.42,-4.1,0.27,0.67,0.41,113.04,2.14
"Song 3630","Artist 60","Electronic",2015,41,0.96,0.79,-7.22,0.79,0.55,0.62,179.44,5.21
"Song 3631","Artist 16","Pop",2019,51,0.57,0.78,-4.06,0.7,0.67,0.11,106.11,4.52
"Song 3632","Artist 40","Hip-Hop",2021,69,0.54,0.24,-14.01,0.82,1,0.11,91.09,4.95
"Song 3633","Artist 99","Hip-Hop",2022,57,0.93,0.6,-3.77,0.86,0.13,1,102.94,3.02
"Song 3634","Artist 84","Electronic",2019,22,0.84,0.47,-9.29,0.89,0.81,0.25,103.96,2.85
"Song 3635","Artist 43","Electronic",2019,71,0.57,0.61,-13.34,0.74,0.17,0.16,74.56,5.5
"Song 3636","Artist 17","Electronic",2024,29,0.25,0.43,-4.36,0.19,0.2,0.88,72.03,4.96
"Song 3637","Artist 16","Country",2020,58,0.2,0.95,-10.22,0.86,0.55,0.11,120.41,6
"Song 3638","Artist 34","Hip-Hop",2024,45,0.8,0.75,-3.59,0.94,0.38,0.53,117.64,5.2
"Song 3639","Artist 8","Country",2015,29,0.26,0.45,-4.29,0.16,0.69,0.07,177.91,2.22
"Song 3640","Artist 69","Metal",2024,58,0.72,0.94,-8.88,0.76,0.62,0.1,90.53,4.8
"Song 3641","Artist 12","R&B",2022,25,0.52,0.33,-4.97,0.74,0.85,0.84,86.82,2.2
"Song 3642","Artist 59","Hip-Hop",2022,21,0.74,0.27,-9.2,0.32,0.49,0.94,136.81,3.08
"Song 3643","Artist 95","Electronic",2023,36,0.48,0.82,-13.22,0.07,0.4,0.4,141.62,3.54
"Song 3644","Artist 23","Country",2016,25,0.97,0.94,-11.22,0.87,0.81,0.97,158.97,5.98
"Song 3645","Artist 66","Pop",2020,83,0.48,0.41,-12.01,0.09,0.79,0.24,80.49,5.9
"Song 3646","Artist 15","Metal",2016,73,0.76,0.97,-11.79,0.31,0.23,1,94.12,4.95
"Song 3647","Artist 37","Classical",2018,74,0.87,0.88,-2.21,0.81,0.51,0.37,130.32,5.08
"Song 3648","Artist 41","Electronic",2016,45,0.81,0.5,-12.54,0.24,0.14,0.26,145.94,5.78
"Song 3649","Artist 79","Indie",2021,77,0.73,0.4,-5.91,0.24,0.83,0.88,148.71,3.26
"Song 3650","Artist 88","Indie",2016,30,0.63,0.25,-12.56,0.51,0.56,0.09,90.63,3.29
"Song 3651","Artist 73","Indie",2021,47,1,0.93,-12.4,0.09,0.61,0.43,124.15,5.25
"Song 3652","Artist 75","Hip-Hop",2024,97,0.64,0.77,-14.47,0.41,0.63,0.84,122.27,4.12
"Song 3653","Artist 74","Rock",2023,45,0.52,0.4,-7.32,0.95,0.49,0.76,138.39,2.12
"Song 3654","Artist 49","Pop",2024,76,0.72,0.63,-10.35,0.97,0.11,0.35,80.52,5.05
"Song 3655","Artist 39","Indie",2016,93,0.3,0.57,-13.86,0.27,0.11,0.04,175.07,4.7
"Song 3656","Artist 28","Electronic",2016,27,0.76,0.37,-8.59,0.84,0.99,0.66,126.06,3.45
"Song 3657","Artist 17","R&B",2023,93,0.32,0.56,-5.75,0.73,0.79,0.26,143.65,3.79
"Song 3658","Artist 37","Rock",2021,82,0.35,0.98,-5.59,0.96,0.27,0.48,96.88,2.3
"Song 3659","Artist 35","Pop",2018,94,0.41,0.92,-8.9,0.59,0.84,0.47,116.8,4.65
"Song 3660","Artist 82","Indie",2019,96,0.7,0.39,-8.05,0.91,0.89,0.77,172.77,2.76
"Song 3661","Artist 78","Indie",2024,66,0.54,0.3,-3.26,0.99,0.44,0.94,129.68,4.1
"Song 3662","Artist 61","Pop",2017,82,0.45,0.67,-4,0.26,0.61,0.59,85.07,4.05
"Song 3663","Artist 71","Classical",2017,73,0.22,0.53,-6.45,0.93,0.86,0.78,81.16,2.39
"Song 3664","Artist 45","Electronic",2025,75,0.27,0.73,-14.4,0.36,0.42,0.96,167.9,2.68
"Song 3665","Artist 31","Metal",2015,35,0.86,0.63,-6.62,0.11,0.01,0.1,166.27,3.68
"Song 3666","Artist 3","Indie",2019,88,0.58,0.25,-6.52,0.09,0.85,0.2,71.44,2.71
"Song 3667","Artist 34","Electronic",2021,29,0.4,0.64,-9.09,0.17,0.83,0.3,91.88,2.36
"Song 3668","Artist 25","Indie",2023,32,0.26,0.94,-10.31,0.65,1,0.21,91.37,5.58
"Song 3669","Artist 75","Electronic",2015,27,0.82,0.46,-8.25,0.99,0.61,0.5,178.48,2.97
"Song 3670","Artist 80","Electronic",2021,74,0.47,0.97,-11.52,0.66,0.56,0.59,161.42,4.55
"Song 3671","Artist 57","R&B",2024,93,0.4,0.69,-8.9,0.84,0.79,0.24,82.08,4.95
"Song 3672","Artist 99","Classical",2021,46,0.67,0.77,-8.1,0.82,0.73,0.57,169.22,4.12
"Song 3673","Artist 36","R&B",2016,85,0.37,0.72,-10.16,0.67,0.3,0.92,172.89,5.45
"Song 3674","Artist 7","Classical",2022,64,0.31,0.9,-10.12,0.17,0.16,0.17,137.19,4.06
"Song 3675","Artist 10","Jazz",2020,67,0.57,0.27,-4.16,0.26,0.66,0.82,78.03,3.02
"Song 3676","Artist 20","Rock",2017,92,0.28,0.42,-8.44,0.12,0.7,0.1,81.71,4.31
"Song 3677","Artist 62","Electronic",2016,50,0.21,0.24,-3.35,0.42,0.56,0.57,142.57,5.09
"Song 3678","Artist 17","Hip-Hop",2016,83,0.95,0.51,-7.49,0.32,0.35,0.59,127.57,2.96
"Song 3679","Artist 85","Indie",2023,35,0.74,0.25,-10.19,0.61,0.86,0.62,110.64,5.56
"Song 3680","Artist 78","Jazz",2017,31,0.7,0.77,-10.65,0.53,0.97,0.15,165.62,2.98
"Song 3681","Artist 3","Classical",2016,37,0.38,0.91,-9.01,0.51,0.96,0.36,130.02,3.69
"Song 3682","Artist 52","Rock",2021,35,0.49,0.7,-12.78,0.74,0.02,0.39,84.93,5
"Song 3683","Artist 78","Metal",2023,54,0.9,0.89,-11.29,0.31,0.49,0.81,171.72,3.33
"Song 3684","Artist 96","Country",2015,39,0.92,0.37,-5.85,0.44,0.01,0.14,77.12,4.84
"Song 3685","Artist 30","Metal",2015,82,0.58,0.8,-14.4,0.6,0.64,0.18,86.39,2.62
"Song 3686","Artist 35","Rock",2023,80,0.37,0.62,-5.59,0.64,0.73,0.49,176.11,3.38
"Song 3687","Artist 78","Indie",2025,85,0.78,0.6,-7.41,0.69,0.43,0.08,141.69,5.54
"Song 3688","Artist 17","Metal",2017,62,0.76,0.91,-6.88,0.86,0.35,0,139.35,3.9
"Song 3689","Artist 11","Rock",2021,56,0.55,0.3,-12.82,0.27,0.36,0.3,108.74,2.44
"Song 3690","Artist 1","Jazz",2023,35,0.5,0.39,-5.95,0,0.6,0.03,86.22,4.86
"Song 3691","Artist 73","Rock",2023,22,0.53,0.51,-10.28,0.38,0.37,0.94,74.01,5.71
"Song 3692","Artist 59","Country",2021,33,0.77,0.45,-7.22,0.59,0.9,0.22,171.63,5.6
"Song 3693","Artist 91","Hip-Hop",2015,53,0.56,0.26,-12.8,0.36,0.06,0.35,85.09,3.07
"Song 3694","Artist 67","Hip-Hop",2024,24,0.75,0.31,-13.14,0.2,0.69,0.11,173.66,4.9
"Song 3695","Artist 52","Rock",2017,21,0.78,0.87,-14.6,0,0.33,0.53,97.34,2.15
"Song 3696","Artist 44","Indie",2024,60,0.82,0.82,-6.21,0.82,0.25,0.31,142.17,3
"Song 3697","Artist 22","Metal",2017,70,0.66,0.98,-12.09,0.5,0.25,0.12,132.01,3.33
"Song 3698","Artist 44","Pop",2019,53,0.68,0.37,-2.7,0.11,0.06,0.13,97.68,5.15
"Song 3699","Artist 48","Indie",2023,98,0.94,0.95,-13.67,0.29,0.18,0.11,72.73,3.8
"Song 3700","Artist 41","Hip-Hop",2022,40,0.79,0.78,-7.79,0.22,0.9,0.01,136.88,3.03
"Song 3701","Artist 94","Country",2019,68,0.37,0.62,-10.2,0.43,0.53,0.24,92.27,4.28
"Song 3702","Artist 73","Country",2022,44,0.33,0.33,-12.85,0.38,0.02,0.36,114.25,4.68
"Song 3703","Artist 15","Country",2018,66,0.47,0.73,-3.07,0.38,0.03,0.62,103.66,3.61
"Song 3704","Artist 46","R&B",2025,60,0.89,0.32,-13.17,0.52,0.69,0.7,162.21,5.16
"Song 3705","Artist 35","Rock",2022,71,0.2,0.46,-11.99,0.49,0.49,0.3,116.24,3.78
"Song 3706","Artist 8","Rock",2022,80,0.23,0.57,-12.36,0.02,0.66,0.64,157.12,5.71
"Song 3707","Artist 48","Indie",2023,62,0.35,0.49,-12.52,0.2,0.01,0.88,123.55,4.65
"Song 3708","Artist 65","Country",2019,48,0.22,0.29,-4.8,0.95,0.08,0.1,128.22,5.66
"Song 3709","Artist 90","Metal",2025,64,0.54,0.53,-2.97,0.28,0.98,0.26,81.11,3.51
"Song 3710","Artist 1","Pop",2017,64,0.37,0.94,-10.69,0.86,0.17,0.02,86.44,5.61
"Song 3711","Artist 29","Classical",2018,42,0.98,0.44,-2.71,0.12,0.46,0.14,141.81,5.53
"Song 3712","Artist 62","Hip-Hop",2023,33,0.62,0.69,-10.93,0.08,0.18,0.47,89.08,3.24
"Song 3713","Artist 22","Pop",2019,89,0.98,0.2,-6.02,0.62,0.66,0.36,133.22,3.79
"Song 3714","Artist 23","Metal",2024,23,0.66,0.5,-4.54,0.48,0.24,0.72,175.6,4.53
"Song 3715","Artist 31","Indie",2025,68,0.75,0.72,-5.34,0.63,0.52,0.84,110.55,3.17
"Song 3716","Artist 11","Country",2020,28,0.88,0.26,-9.77,0.3,0.78,0.42,109.31,5.69
"Song 3717","Artist 94","Pop",2024,99,0.54,0.58,-6.71,0.4,0.14,0.06,168.26,4.82
"Song 3718","Artist 37","Rock",2020,74,0.88,0.21,-5.21,0.99,0.74,0.78,154.25,4.1
"Song 3719","Artist 95","Rock",2018,91,0.65,0.96,-2.84,0.27,0.97,0.3,71.33,3.04
"Song 3720","Artist 94","Classical",2019,65,0.43,0.95,-12.37,0.99,0.56,0.08,161.63,3.81
"Song 3721","Artist 24","Hip-Hop",2023,36,0.61,0.86,-14.08,0.53,0.78,0.5,138.62,2.04
"Song 3722","Artist 26","Rock",2024,81,0.79,0.97,-10.93,0.8,0.34,0.63,124.65,2.84
"Song 3723","Artist 90","Classical",2019,57,0.59,0.42,-11.02,0.67,0.48,0.46,80.75,2.46
"Song 3724","Artist 40","Country",2016,80,0.75,0.84,-2.41,0.92,0.89,0.18,115.79,2.56
"Song 3725","Artist 3","R&B",2025,90,0.71,0.32,-2.25,0.84,0.86,0.86,158.1,3.83
"Song 3726","Artist 20","Hip-Hop",2015,49,0.91,0.33,-13.73,0.6,0.94,0.9,121.37,4.63
"Song 3727","Artist 85","Electronic",2016,33,0.78,0.79,-5.79,0.04,0.7,0.03,89.82,3.72
"Song 3728","Artist 14","Classical",2024,48,0.61,0.94,-4.37,0.1,0.44,0.92,160.68,2.23
"Song 3729","Artist 16","Hip-Hop",2018,23,0.68,0.76,-11.93,0.67,0.42,0.72,83.41,5.63
"Song 3730","Artist 91","Indie",2021,80,0.75,0.83,-9.25,0.96,0.78,0.13,165.41,4.12
"Song 3731","Artist 80","Rock",2023,76,0.69,0.77,-3.65,0.81,0.32,0.07,109.9,4.13
"Song 3732","Artist 99","Indie",2016,59,0.46,0.27,-6.15,0.38,0.87,0.54,74.24,4.35
"Song 3733","Artist 14","Electronic",2017,24,0.99,0.7,-9.23,0.78,0.44,0.22,125.02,4.67
"Song 3734","Artist 90","Metal",2019,30,0.64,0.97,-2.55,0.39,0.12,0.65,134.57,2.46
"Song 3735","Artist 81","Rock",2017,94,0.9,0.35,-6.86,0.49,0.79,0.6,86.48,5.77
"Song 3736","Artist 63","Jazz",2023,66,0.38,0.23,-7.32,0.01,0.86,0.74,173.43,4.76
"Song 3737","Artist 31","R&B",2018,98,0.63,0.67,-8.37,0.69,0.87,0.85,77.07,3.07
"Song 3738","Artist 17","Indie",2020,73,0.23,0.22,-9.89,0.82,0.79,0.52,169.44,2.54
"Song 3739","Artist 84","Indie",2015,74,0.69,0.65,-13.8,0.97,0.61,0.92,147.92,3.6
"Song 3740","Artist 66","Classical",2019,21,0.9,0.76,-12.32,0.9,0.67,0.12,70.46,3.75
"Song 3741","Artist 16","Jazz",2015,39,0.42,0.63,-4.63,0.36,0.74,0.43,98.25,2.02
"Song 3742","Artist 14","Classical",2024,20,0.8,0.3,-10.87,0.77,0.48,0.46,98.47,4.53
"Song 3743","Artist 37","Country",2023,61,0.68,0.7,-13.26,0.46,0.67,0.05,168.43,3.62
"Song 3744","Artist 96","Jazz",2018,50,0.51,0.21,-7.72,0.35,0.79,0.86,131.06,4.61
"Song 3745","Artist 41","Jazz",2020,31,0.6,0.91,-11.93,0.23,0.23,0.78,120.42,4.4
"Song 3746","Artist 24","Jazz",2017,61,0.31,0.27,-9.02,0.12,0.53,0.12,71.96,5.77
"Song 3747","Artist 29","Hip-Hop",2024,74,0.66,0.32,-12.57,0.72,0.06,0.7,148.65,4.86
"Song 3748","Artist 21","Country",2020,24,0.26,1,-13.87,0.14,0.08,0.75,70.52,2.19
"Song 3749","Artist 91","R&B",2017,45,0.58,0.79,-7.12,0.55,0.59,0.19,90.07,2.13
"Song 3750","Artist 93","Electronic",2015,81,0.47,0.76,-5.82,0.72,0.87,0.53,70.29,5.36
"Song 3751","Artist 91","Hip-Hop",2023,69,0.49,0.78,-13.6,0.24,0.87,0.72,103.34,3.23
"Song 3752","Artist 28","Indie",2021,21,0.75,0.27,-8.46,0.88,0.39,0.59,95.02,3.08
"Song 3753","Artist 10","Classical",2015,96,0.88,0.4,-8.46,0.33,0.49,0.74,170.82,2.84
"Song 3754","Artist 93","Jazz",2023,63,0.8,0.46,-8.56,0.29,0.11,0.2,171.31,2.74
"Song 3755","Artist 52","Metal",2018,71,0.73,0.39,-12.48,0.68,0.94,0.92,175.15,2.47
"Song 3756","Artist 18","Country",2025,43,0.58,0.73,-3.27,0.3,0.97,0.68,79.8,5.56
"Song 3757","Artist 98","Country",2023,97,0.51,0.9,-11.48,0.5,0.68,0.89,124.56,5.17
"Song 3758","Artist 4","Jazz",2016,74,0.44,0.5,-11.04,0.96,0.23,0.93,91.76,2.65
"Song 3759","Artist 41","Pop",2018,30,0.44,0.22,-3.44,0.11,0.49,0.41,154.86,5.15
"Song 3760","Artist 47","R&B",2018,25,0.95,0.71,-4.91,0.66,0.1,0.89,143.43,4.26
"Song 3761","Artist 66","Pop",2020,29,0.55,0.83,-4.31,0.12,0.5,0.7,85.47,5.5
"Song 3762","Artist 68","Electronic",2020,99,0.55,0.52,-5.05,0.08,0.55,0.02,169.05,2.44
"Song 3763","Artist 12","Metal",2020,24,0.89,0.54,-10.03,0.62,0.15,0.15,126.87,3.66
"Song 3764","Artist 29","Metal",2020,89,0.63,0.84,-4.32,0.5,0.15,0.69,117.15,4.28
"Song 3765","Artist 50","Metal",2022,20,0.35,0.24,-11.93,0.19,0.93,0.55,108.7,5.52
"Song 3766","Artist 75","Classical",2015,25,0.42,0.84,-4.46,0.3,0.07,0.88,110.66,5.88
"Song 3767","Artist 91","R&B",2022,48,0.86,0.82,-3.13,0.96,0.89,0.67,125.5,4.47
"Song 3768","Artist 30","Classical",2020,70,0.71,0.86,-11.01,0.51,0.87,0.82,164.78,3.23
"Song 3769","Artist 68","Electronic",2022,65,0.21,0.46,-5.93,0.94,0.26,0.26,114.12,2.15
"Song 3770","Artist 10","Indie",2022,37,0.8,0.54,-7.38,0.17,0.04,0.32,80.54,4.73
"Song 3771","Artist 87","Indie",2025,41,0.8,0.57,-8.12,0.24,0.81,0.57,162.01,4.62
"Song 3772","Artist 44","Country",2022,27,0.77,0.25,-7.35,0.05,0.44,0.47,174.26,2.69
"Song 3773","Artist 66","Metal",2025,35,0.96,0.35,-2.91,0.33,0.74,0.87,71.58,5.65
"Song 3774","Artist 32","Metal",2016,95,0.74,0.98,-3.98,0.45,0.81,0.43,155.71,2.34
"Song 3775","Artist 50","Electronic",2018,48,0.85,0.78,-6.99,0.45,0.24,0.36,108.14,3.8
"Song 3776","Artist 44","Jazz",2016,75,0.93,0.45,-9.66,0.57,0.02,0.94,154.18,4.18
"Song 3777","Artist 6","Hip-Hop",2025,33,0.32,0.67,-6.06,0.24,0.38,0.14,112.35,5.15
"Song 3778","Artist 81","Pop",2016,96,0.77,0.45,-12.36,0.68,0.74,0.06,116.68,3.52
"Song 3779","Artist 24","Jazz",2024,86,0.53,0.34,-3.54,0.82,0.25,0.69,166.12,5.08
"Song 3780","Artist 39","Pop",2019,87,0.37,0.99,-4.23,0.6,0.39,0.48,162.07,5.69
"Song 3781","Artist 78","Metal",2020,39,0.79,0.5,-10.96,0.64,0.73,0.37,114.1,3.65
"Song 3782","Artist 75","Pop",2018,69,0.38,0.87,-5.6,0.71,0.41,0.28,137.5,2.73
"Song 3783","Artist 90","Electronic",2019,75,0.47,1,-7.55,0.89,0.87,0.52,78.33,4.9
"Song 3784","Artist 88","Metal",2021,71,0.41,0.57,-7.43,0.02,0.12,0.46,75.68,4.88
"Song 3785","Artist 42","R&B",2024,75,0.4,0.38,-4.07,0.78,0.75,0.59,79.58,4.92
"Song 3786","Artist 83","Jazz",2020,61,0.45,0.81,-11.87,0.38,0.26,0.79,118.32,3.11
"Song 3787","Artist 47","Rock",2021,55,0.64,0.25,-11.04,0.11,0.54,0.47,83.57,2.32
"Song 3788","Artist 78","Hip-Hop",2021,36,0.97,0.71,-5.78,0.98,0.22,0.25,140.02,2.65
"Song 3789","Artist 10","Classical",2025,21,0.95,0.91,-9.25,0.7,0.01,0.1,168.54,3.73
"Song 3790","Artist 47","Electronic",2016,73,0.42,0.65,-11.87,0.91,0.43,0.84,91.02,2.57
"Song 3791","Artist 33","Metal",2022,81,0.35,0.47,-4.32,0.67,0.7,0.92,131.21,3.7
"Song 3792","Artist 23","Classical",2025,93,0.6,0.46,-3.36,0.09,0.19,0.35,156.26,3.53
"Song 3793","Artist 31","Hip-Hop",2020,77,0.81,0.43,-7.63,0.88,0.04,0.51,127.82,5.52
"Song 3794","Artist 22","Metal",2015,56,0.77,0.92,-3.1,0.6,0.55,0.66,111.26,5.5
"Song 3795","Artist 87","Classical",2025,68,0.46,0.41,-5.96,0.75,0.68,0.01,77.75,5.67
"Song 3796","Artist 29","Hip-Hop",2017,98,0.5,0.8,-4.3,0.22,0.1,0.31,157.95,4.12
"Song 3797","Artist 30","Metal",2019,65,0.77,0.54,-5.62,0.15,0.67,0.65,135.75,2.79
"Song 3798","Artist 81","Classical",2015,28,0.92,0.54,-6.69,0.8,0.04,0.88,116.71,3.31
"Song 3799","Artist 57","Rock",2020,43,0.67,0.56,-11.92,0.57,0.75,0.34,166.42,2.98
"Song 3800","Artist 73","Rock",2023,58,0.28,0.82,-8.17,0.14,0.66,0.2,129,2.24
"Song 3801","Artist 4","Pop",2017,47,0.68,0.8,-12.83,0.33,0.16,0.98,111.48,4.59
"Song 3802","Artist 71","Pop",2025,91,0.91,0.6,-11.55,0.85,0.53,0.1,148.31,4.41
"Song 3803","Artist 2","Metal",2017,58,0.5,0.57,-5.23,0.01,0.98,0.41,134.09,5.38
"Song 3804","Artist 26","Metal",2018,24,0.84,0.66,-11.64,0.5,0.18,0.68,83.99,4.55
"Song 3805","Artist 84","Hip-Hop",2020,51,0.53,0.85,-4.21,0.38,0.45,0.14,172.98,2.15
"Song 3806","Artist 16","R&B",2025,35,0.99,0.94,-8.96,0.07,0.88,0.46,152.94,4.21
"Song 3807","Artist 45","Classical",2020,83,0.23,1,-6.53,0.14,0.9,0.2,77.28,3.3
"Song 3808","Artist 52","Rock",2016,59,0.56,0.71,-2.49,0.18,0.79,0.63,94.92,4.19
"Song 3809","Artist 96","Hip-Hop",2025,21,0.88,0.93,-10.55,0.61,0.51,0.8,74.67,5.7
"Song 3810","Artist 39","Pop",2023,92,0.69,0.72,-3.15,0.37,0.7,0.46,158.32,3.2
"Song 3811","Artist 34","Metal",2025,81,0.67,0.37,-11.21,0.08,0.68,0.85,143.78,5.41
"Song 3812","Artist 54","Jazz",2015,30,0.95,0.83,-2.83,0.23,0.86,0.77,142.14,3.64
"Song 3813","Artist 77","Classical",2015,94,0.38,0.43,-8.73,0.25,0.12,0.61,145.17,2.84
"Song 3814","Artist 39","Hip-Hop",2019,21,0.26,0.45,-7.73,0.94,0.92,0.3,114.72,4.88
"Song 3815","Artist 36","Indie",2017,79,0.31,0.28,-8.44,0.95,0.33,0.13,104.21,3
"Song 3816","Artist 35","Country",2019,51,0.56,0.31,-9.28,0.75,0.28,0.02,101.98,5.74
"Song 3817","Artist 49","Pop",2016,92,0.75,0.72,-6.88,0.17,0.32,0.59,104.91,2.04
"Song 3818","Artist 45","Country",2016,39,0.59,0.91,-9.34,0.27,0.56,0.27,92.87,2.96
"Song 3819","Artist 88","Country",2024,55,0.56,0.96,-10.83,0.92,0.54,0.71,106.72,2.78
"Song 3820","Artist 68","Metal",2020,74,0.48,0.92,-10.86,0.73,0.52,0.79,166.27,2.91
"Song 3821","Artist 64","Classical",2024,67,0.54,0.97,-6.5,0.14,0.54,0.26,176.72,3.18
"Song 3822","Artist 91","Hip-Hop",2016,36,0.85,0.83,-3.31,0.28,0.34,0.96,104.07,3.67
"Song 3823","Artist 80","Electronic",2020,22,0.55,0.5,-3.73,0.81,0.65,0.35,87.46,4.61
"Song 3824","Artist 72","R&B",2023,41,0.5,0.89,-10.57,0.37,0.44,0.99,105.79,2.53
"Song 3825","Artist 67","Hip-Hop",2021,69,0.49,0.98,-11.37,0.9,0.08,0.01,74.99,4.83
"Song 3826","Artist 81","Classical",2017,70,0.42,0.94,-7.99,0.3,0.19,0.6,179.2,3.47
"Song 3827","Artist 21","R&B",2018,26,0.52,0.69,-7.5,0.39,0.2,0.09,165.29,2.46
"Song 3828","Artist 30","Indie",2018,44,0.73,0.44,-6.45,0.01,0.39,0.55,94.61,2.28
"Song 3829","Artist 45","Classical",2019,34,0.76,0.38,-6.43,0.5,0.37,0.31,113.1,4.52
"Song 3830","Artist 74","Electronic",2025,77,0.55,0.93,-6.46,0.29,0.28,0.09,168.83,2.68
"Song 3831","Artist 37","Metal",2024,95,0.3,0.77,-12.53,0.3,0.29,0.94,141.67,2.32
"Song 3832","Artist 59","Hip-Hop",2025,61,0.71,0.65,-7,0.17,0.79,0.72,155.84,2.57
"Song 3833","Artist 98","Hip-Hop",2022,39,0.87,0.89,-11.29,0.42,0.62,0.7,88.22,4.02
"Song 3834","Artist 74","Pop",2023,54,0.25,0.21,-11.86,0.74,0,0.05,155.94,2.85
"Song 3835","Artist 4","Metal",2019,98,0.91,0.95,-12.01,0.22,0.47,0.6,80.61,3.32
"Song 3836","Artist 88","Pop",2018,26,0.64,0.76,-8.32,0.93,0.74,0.99,173.64,5.82
"Song 3837","Artist 20","Country",2022,29,0.66,0.4,-3.05,0.85,0.45,0.91,79.43,2.62
"Song 3838","Artist 43","Electronic",2021,88,0.9,0.71,-12.94,0.54,0.11,0.3,82.03,3.9
"Song 3839","Artist 2","Classical",2017,65,0.67,0.98,-8.6,0.82,0.23,0.56,109.46,4.31
"Song 3840","Artist 46","Pop",2023,27,0.36,0.2,-10.22,0.32,0.33,0.96,104.8,2.39
"Song 3841","Artist 100","Indie",2015,25,0.74,0.92,-8.44,0.14,0.43,0.47,88.04,3.91
"Song 3842","Artist 97","Indie",2015,94,0.21,0.32,-2.48,0.05,0.35,0.74,84.34,5.44
"Song 3843","Artist 14","Hip-Hop",2025,69,0.54,0.52,-11.49,0.39,0.6,0.69,114.72,3.51
"Song 3844","Artist 87","R&B",2020,76,0.78,0.31,-9.68,0.76,0.99,0.23,164.77,3.51
"Song 3845","Artist 6","Classical",2025,42,0.98,0.33,-3.11,0.54,0.56,0.02,113.81,2.85
"Song 3846","Artist 53","Pop",2021,64,0.22,0.49,-12.54,0.18,0.21,0.53,113.51,3.44
"Song 3847","Artist 87","Rock",2020,46,0.52,1,-9.24,0.54,0.7,0.74,175.3,2.75
"Song 3848","Artist 50","Electronic",2020,29,0.52,0.51,-9.33,0.88,0.23,0.41,130.33,4.82
"Song 3849","Artist 63","Jazz",2022,34,0.91,0.29,-5.24,0.72,0.75,0.58,134.43,5.16
"Song 3850","Artist 66","Metal",2017,33,0.94,0.73,-13.13,0.91,0.72,0.77,82.25,5.15
"Song 3851","Artist 36","Rock",2018,99,0.32,0.86,-7.77,0.63,0.91,0.54,149.52,2.43
"Song 3852","Artist 32","Electronic",2025,40,0.35,0.74,-4.19,0.92,0.52,0.41,101.95,2.41
"Song 3853","Artist 81","Metal",2024,76,0.22,0.63,-9.28,0.99,0.74,0.96,126.81,3.8
"Song 3854","Artist 91","Pop",2015,36,0.28,0.22,-6.99,0.56,0.04,0.28,179.87,2.52
"Song 3855","Artist 85","Jazz",2025,95,0.53,0.93,-8.85,0.99,0.96,0.59,84.15,3.35
"Song 3856","Artist 23","Rock",2018,66,0.66,0.57,-13.17,0.93,0.17,0.78,82.57,2.87
"Song 3857","Artist 80","Classical",2020,76,0.91,0.29,-3.49,0.5,0.03,0.23,88.33,3.98
"Song 3858","Artist 61","Pop",2017,91,0.71,0.41,-7.33,0.23,0.02,0.2,95.51,3.3
"Song 3859","Artist 8","Country",2023,59,0.49,0.84,-7.59,0.05,0.55,0.61,134.39,2.7
"Song 3860","Artist 66","Pop",2016,25,0.54,0.69,-9.68,0.51,0.63,0.62,75.75,2.21
"Song 3861","Artist 81","Electronic",2017,34,0.71,0.29,-10.12,0.95,0.24,0.01,94.55,4.17
"Song 3862","Artist 35","Indie",2023,36,0.71,0.54,-5.97,0.08,0.87,0.21,71.59,5.49
"Song 3863","Artist 2","Classical",2025,44,0.53,0.85,-12.61,0.12,0.12,0.86,171.3,2.65
"Song 3864","Artist 33","Classical",2024,69,0.69,0.31,-7.23,0.6,0.34,0.95,176.88,5.27
"Song 3865","Artist 10","Electronic",2022,42,0.73,0.98,-7.02,0.56,0.59,0.79,79.24,2.48
"Song 3866","Artist 83","Rock",2020,67,0.94,0.42,-14.65,0.81,0.18,0.5,91.74,2.56
"Song 3867","Artist 30","Rock",2018,34,0.98,0.94,-9.71,0.09,0.57,0.06,116.41,2.41
"Song 3868","Artist 58","Hip-Hop",2017,50,0.88,0.78,-14.59,0.83,0.07,0.52,157.59,5.86
"Song 3869","Artist 91","Pop",2019,76,0.23,0.43,-8.55,0.33,0.18,0.2,99.81,5.61
"Song 3870","Artist 97","Metal",2022,81,0.86,0.45,-7.51,0.36,0.89,0.21,110.29,5.33
"Song 3871","Artist 63","Country",2021,46,0.28,0.86,-7.3,0.21,0.8,0.14,149.57,2.08
"Song 3872","Artist 18","Electronic",2018,71,0.41,0.52,-6.11,0.01,0.25,0.53,108.22,5.26
"Song 3873","Artist 4","Rock",2017,63,0.82,0.33,-7.04,0.65,0.89,0.96,86.71,5.83
"Song 3874","Artist 62","Country",2019,91,0.24,0.26,-14.64,0.48,0.37,0.99,152.89,3.86
"Song 3875","Artist 23","Electronic",2025,23,0.34,0.27,-13.82,0.27,0.14,0.08,171.89,3.09
"Song 3876","Artist 2","Classical",2016,30,0.55,0.59,-12.6,0.55,0.07,0.49,148.13,5.68
"Song 3877","Artist 42","Indie",2015,32,0.49,0.81,-4.55,0.51,0.11,0.3,77.27,3.4
"Song 3878","Artist 32","Classical",2016,80,0.29,0.69,-10.8,0.06,0.43,0.04,177.02,4.83
"Song 3879","Artist 96","Metal",2020,88,0.95,0.4,-9.51,0.42,0.77,0.45,161.24,5.49
"Song 3880","Artist 1","Pop",2016,54,0.89,0.28,-3.68,0.3,0.02,0.63,150.37,3.7
"Song 3881","Artist 96","Jazz",2025,88,0.93,0.28,-10.84,0.33,0.27,0.63,154.12,3.88
"Song 3882","Artist 61","Electronic",2024,60,0.43,0.99,-2.35,0.89,0.69,0.38,142,3.38
"Song 3883","Artist 65","Indie",2021,61,0.42,0.75,-13.32,0.03,0.53,0.87,74.92,5.67
"Song 3884","Artist 83","Jazz",2025,24,0.54,0.98,-14.88,0.96,0.06,0.99,169.24,2.57
"Song 3885","Artist 40","Classical",2022,35,0.31,0.59,-6.53,0.46,0.22,0.75,111.54,5.26
"Song 3886","Artist 92","Country",2015,96,0.98,0.7,-9.95,0.49,0.33,0.1,73.46,6
"Song 3887","Artist 30","Pop",2024,34,0.39,0.39,-10.51,0.08,0.08,0.17,163.26,5.75
"Song 3888","Artist 87","Jazz",2023,58,0.63,0.84,-2.82,0.69,0.85,0.61,170.68,2.04
"Song 3889","Artist 33","Pop",2016,100,0.68,0.59,-11.23,0.2,0.68,0.32,105.75,4.65
"Song 3890","Artist 74","Pop",2017,93,0.31,0.25,-6.94,0.41,0.87,0.86,145.16,5.08
"Song 3891","Artist 48","Indie",2022,70,0.69,0.4,-5.39,0.64,0.1,0.52,155.58,5.38
"Song 3892","Artist 71","Country",2018,83,0.87,0.59,-8.26,0.94,0.71,0.49,98.45,2.83
"Song 3893","Artist 23","Electronic",2020,91,0.33,0.95,-7.14,0.11,0.42,0.71,166.27,3.3
"Song 3894","Artist 86","Country",2022,23,0.22,0.72,-3.48,0.08,0.64,0.43,118.16,5.93
"Song 3895","Artist 46","Country",2015,97,0.91,0.3,-5.72,0.96,0.18,0.33,139.92,3.28
"Song 3896","Artist 57","Hip-Hop",2022,80,0.91,0.4,-7.88,0.12,0.92,0.46,114.37,4.65
"Song 3897","Artist 63","Country",2020,84,0.64,0.29,-13.43,0.4,0.9,0.15,119.8,4.48
"Song 3898","Artist 74","Rock",2019,52,0.97,0.21,-6.49,0.67,0.87,0.38,131.68,5.39
"Song 3899","Artist 30","Indie",2016,51,0.54,0.69,-4.22,0.84,0.3,0.18,100.97,4.17
"Song 3900","Artist 85","R&B",2015,79,0.2,0.54,-13.92,0.86,0.18,0.38,109.53,5.09
"Song 3901","Artist 100","Metal",2025,21,0.46,0.37,-9.05,0.88,0.47,0.41,128.48,4.75
"Song 3902","Artist 75","Electronic",2023,98,0.45,0.5,-6.92,0.52,0.47,0.12,76.63,2.02
"Song 3903","Artist 44","Metal",2022,84,0.9,0.46,-14.03,0.91,0,0.69,164.81,4.48
"Song 3904","Artist 12","Country",2020,55,0.58,0.52,-2.96,0.93,0.54,0.07,143.12,2.51
"Song 3905","Artist 70","Classical",2018,24,0.24,0.43,-3.62,0.88,0.69,0.27,82.04,2.64
"Song 3906","Artist 69","Metal",2020,27,0.61,0.61,-2.86,0.55,0.25,0.25,130.91,4.87
"Song 3907","Artist 55","Indie",2019,90,0.35,0.99,-2.03,0.32,0.09,0.64,144.11,3.97
"Song 3908","Artist 16","Classical",2020,88,0.75,0.79,-10.25,0.51,0.9,0.22,149.91,2.63
"Song 3909","Artist 47","Indie",2021,32,0.27,0.54,-9.96,0.54,0.96,0.11,104.91,2.03
"Song 3910","Artist 58","Electronic",2019,52,0.62,0.72,-11.68,0.55,0.2,0.81,147.34,2.83
"Song 3911","Artist 51","Hip-Hop",2017,70,0.55,0.51,-3.38,0.18,0.63,0.6,116.17,2.09
"Song 3912","Artist 9","Country",2019,56,0.5,0.9,-7.03,0.12,0.16,0.83,169.63,3.83
"Song 3913","Artist 28","Indie",2023,39,0.9,0.27,-4.27,0.68,0.94,0.76,159.84,2.01
"Song 3914","Artist 65","Metal",2020,97,0.58,0.63,-6.42,0.77,0.97,0.04,143.57,2.13
"Song 3915","Artist 50","Rock",2018,85,0.54,0.68,-2.64,0.28,0.93,0.79,114.56,2.79
"Song 3916","Artist 42","Classical",2018,71,0.77,0.72,-7.83,0.3,0.83,0.87,172.23,4.79
"Song 3917","Artist 17","Metal",2025,53,0.99,0.62,-3.96,0.49,0.87,0.19,94.47,5.88
"Song 3918","Artist 90","Hip-Hop",2017,74,0.44,0.53,-6.38,0.81,0.14,0.21,173.28,4.23
"Song 3919","Artist 84","Classical",2022,76,0.86,0.54,-10.25,0.72,0.71,0.14,140.97,4.45
"Song 3920","Artist 50","Classical",2023,45,0.37,0.67,-7.26,0.91,0.03,0.16,71.95,5.08
"Song 3921","Artist 38","Jazz",2016,70,0.81,0.68,-14.72,0.39,0.62,0.92,100.24,3.66
"Song 3922","Artist 57","Electronic",2017,81,0.81,0.24,-8.32,0.78,0.3,0.49,83.61,2.66
"Song 3923","Artist 75","R&B",2016,35,0.58,0.59,-5.22,0.24,0.82,0.4,148.04,5.6
"Song 3924","Artist 75","Indie",2015,51,0.74,0.31,-5.26,0.65,0.19,0.97,92.36,2.79
"Song 3925","Artist 20","Indie",2024,89,0.78,0.55,-12.64,0.46,0.55,0.03,154.91,2.9
"Song 3926","Artist 39","Hip-Hop",2024,27,0.34,0.49,-5.49,0.47,0.56,0.07,109.19,3.36
"Song 3927","Artist 78","Electronic",2025,91,0.87,0.46,-13.41,0.89,0.99,0.03,118.57,2.39
"Song 3928","Artist 22","Metal",2025,50,0.92,0.82,-5.61,0.14,0.91,0.53,97.56,5.8
"Song 3929","Artist 88","R&B",2024,20,0.85,0.77,-9.74,0.29,0.71,0.59,89.34,3.35
"Song 3930","Artist 22","Country",2022,75,0.35,0.29,-8.65,0.34,0.6,0.5,86.76,5.31
"Song 3931","Artist 57","Country",2016,21,0.44,0.53,-14.56,0.54,0.6,0.47,72.15,4.18
"Song 3932","Artist 70","Classical",2017,75,0.51,0.4,-5.98,0.94,0.38,0.99,106.24,4.77
"Song 3933","Artist 89","Hip-Hop",2025,76,0.82,0.64,-8.59,0.05,0.45,0.81,115.92,3.66
"Song 3934","Artist 24","Metal",2020,67,0.69,0.95,-10.33,0.43,0.49,0.94,123.6,4.11
"Song 3935","Artist 51","Pop",2016,26,0.59,0.63,-3.13,0.84,0.23,0.71,148.6,5.46
"Song 3936","Artist 26","Rock",2016,26,0.65,0.78,-8.81,0.45,0.4,0.06,133.68,4.81
"Song 3937","Artist 2","Indie",2018,58,0.7,0.48,-2.68,0.67,0.68,0.06,74.41,5.67
"Song 3938","Artist 20","Indie",2016,32,0.32,0.3,-7.68,0.89,0.09,0.9,142.75,4.51
"Song 3939","Artist 13","Electronic",2023,60,0.51,0.56,-4.9,0.78,0.8,0.92,147.75,4.66
"Song 3940","Artist 76","Hip-Hop",2022,80,0.44,0.71,-6.22,0.91,0.2,0.77,128.38,4.14
"Song 3941","Artist 47","Electronic",2017,84,0.48,0.28,-11.19,0.99,0.36,0.31,86.67,4.63
"Song 3942","Artist 98","Pop",2024,94,0.94,0.76,-5.43,0.24,0.52,0.18,163.89,4.45
"Song 3943","Artist 87","Metal",2021,97,0.95,0.86,-9.12,0.67,0.88,0.14,108.13,2.85
"Song 3944","Artist 61","Jazz",2024,76,0.33,0.75,-4.55,0.06,0.85,0.12,73.65,5.98
"Song 3945","Artist 60","Hip-Hop",2017,35,0.26,0.72,-13.45,0.43,0.81,0.4,128.38,2.51
"Song 3946","Artist 86","Electronic",2022,82,0.48,0.88,-10.5,0.75,0.25,0.19,71.85,4.01
"Song 3947","Artist 6","Pop",2017,64,0.55,0.38,-2.19,0.7,0.07,0.35,133.09,5.12
"Song 3948","Artist 80","Pop",2015,46,0.66,0.77,-12.31,0.78,0.75,0.11,82.36,2.84
"Song 3949","Artist 89","Pop",2021,26,0.22,0.68,-13.77,0.83,0.42,0.92,76.46,5.86
"Song 3950","Artist 90","Indie",2025,96,0.58,0.23,-8.66,0.33,0.86,0.78,155.44,5.74
"Song 3951","Artist 79","Metal",2023,42,0.75,0.87,-13.77,0.78,0.26,0.57,80.45,3.45
"Song 3952","Artist 41","Rock",2024,65,0.43,0.49,-6.6,0.38,0.83,0.49,102.86,2.35
"Song 3953","Artist 51","Rock",2023,24,0.64,0.96,-7.3,0.65,0.19,0.47,166.67,3.78
"Song 3954","Artist 98","Country",2020,28,0.37,0.76,-12.66,0.55,0.89,0.19,156.92,2.96
"Song 3955","Artist 79","Pop",2024,94,0.85,0.84,-8.4,0.94,0.7,0.32,81.98,5.68
"Song 3956","Artist 62","R&B",2016,54,0.31,0.67,-3.35,0.06,0.77,0.08,168.85,2.73
"Song 3957","Artist 8","Country",2021,50,0.91,0.35,-5.73,0.93,0.2,0.6,104.8,5.6
"Song 3958","Artist 5","Hip-Hop",2025,35,0.52,0.47,-13,0.12,0.49,0.89,107.18,4.36
"Song 3959","Artist 53","Hip-Hop",2024,84,0.82,0.78,-11.1,0.92,0.84,0.65,138.03,3.98
"Song 3960","Artist 18","Indie",2017,69,0.87,0.67,-5.57,0.28,0.31,0.41,121.57,3.96
"Song 3961","Artist 94","Rock",2025,20,0.68,0.79,-10.09,0.07,0.75,0.41,80.45,5.44
"Song 3962","Artist 81","Classical",2025,38,0.96,0.74,-14.26,0.94,0.14,0.44,93.63,3.91
"Song 3963","Artist 32","Indie",2022,27,0.5,0.85,-6.99,0.64,0.94,0.86,110.31,3.69
"Song 3964","Artist 20","Rock",2016,25,0.88,0.97,-13.22,0.09,0.57,0.79,91.05,3.43
"Song 3965","Artist 78","Electronic",2020,35,0.33,0.31,-5.95,0.48,0.38,0.37,113.13,4.63
"Song 3966","Artist 20","Pop",2018,65,0.39,0.75,-2.55,0.62,0.98,0.58,170.58,4.79
"Song 3967","Artist 66","Electronic",2019,29,0.27,0.77,-4.22,0.48,0.09,0.92,82.85,5.51
"Song 3968","Artist 38","R&B",2022,63,0.9,0.35,-10.17,0.5,0.56,0.09,73.38,4.85
"Song 3969","Artist 61","Jazz",2020,51,0.58,0.74,-13.44,0.85,0.04,0.3,136.03,3.32
"Song 3970","Artist 92","Jazz",2016,77,0.68,0.93,-10.7,0.98,0.72,0.08,155.37,2.46
"Song 3971","Artist 87","Hip-Hop",2015,61,0.32,0.51,-12.71,0.69,0.21,0.56,89.06,5.83
"Song 3972","Artist 61","Hip-Hop",2022,58,0.54,0.68,-12.64,0.62,0.15,0.5,72.27,2.45
"Song 3973","Artist 29","Electronic",2017,27,0.82,0.59,-8.72,0.99,0.42,0.19,121.71,3.41
"Song 3974","Artist 71","Hip-Hop",2022,70,0.29,0.45,-7.7,0.39,0.77,0.52,169.18,2.67
"Song 3975","Artist 23","Hip-Hop",2024,34,0.22,0.25,-9.32,0.63,0.95,0.74,117.59,2.15
"Song 3976","Artist 7","R&B",2017,52,0.57,0.85,-10.68,0.04,0.8,0.31,98.12,4.23
"Song 3977","Artist 19","Rock",2018,88,0.69,0.34,-7.82,0.57,0.79,0.06,85.34,2.88
"Song 3978","Artist 86","Jazz",2022,26,0.51,0.86,-5.66,0.31,0.87,0.06,151.15,3.66
"Song 3979","Artist 95","Pop",2022,81,0.44,0.68,-2.42,0.75,0.87,0.63,179.42,5.75
"Song 3980","Artist 42","Pop",2024,69,0.88,0.84,-12.29,0.31,0.84,0.01,135.74,2.29
"Song 3981","Artist 48","Classical",2015,49,0.79,0.45,-10.05,0.81,0.89,0.34,111.22,4.57
"Song 3982","Artist 30","Jazz",2017,80,0.8,0.75,-11.54,0.43,0.72,0.6,175.02,2.85
"Song 3983","Artist 22","Country",2023,95,0.82,0.54,-5.68,0.78,0.55,0.46,82.92,3.38
"Song 3984","Artist 92","Pop",2021,76,0.9,0.22,-14.4,0.27,0.6,0.29,177.22,4.09
"Song 3985","Artist 61","Pop",2016,43,0.51,0.44,-5.38,0.61,0.08,0.86,127.54,4.37
"Song 3986","Artist 1","Metal",2015,65,0.41,0.86,-14.51,0.43,0.71,0.72,90.97,4.09
"Song 3987","Artist 92","Country",2015,88,0.27,0.66,-13.98,0.34,0.42,0.76,147.62,2.01
"Song 3988","Artist 1","Rock",2019,80,0.26,0.75,-12.37,0.98,0.93,0.02,118.58,5.8
"Song 3989","Artist 52","Electronic",2018,47,0.23,0.79,-2.53,0.56,0.89,0.63,120.74,2.11
"Song 3990","Artist 81","Metal",2015,23,0.35,0.25,-5.2,0.7,0.39,0.2,127.11,2.96
"Song 3991","Artist 1","Indie",2023,29,0.65,0.4,-9.79,0.8,0.61,0.97,143.66,5.14
"Song 3992","Artist 83","Electronic",2024,64,0.49,0.46,-4.42,0.5,0.34,0.33,72.48,4.71
"Song 3993","Artist 66","Jazz",2024,31,0.33,0.2,-9.26,0.55,0.63,0.76,98.31,5.99
"Song 3994","Artist 32","Electronic",2023,64,0.42,0.89,-8.14,0.06,0.27,0.66,125.99,3.12
"Song 3995","Artist 65","Indie",2021,37,0.56,0.43,-3.07,0.75,0.22,0.77,175.65,2.42
"Song 3996","Artist 31","R&B",2024,76,0.59,0.24,-9.37,0.77,0.47,0.56,124.04,5.34
"Song 3997","Artist 9","Electronic",2022,44,0.54,0.91,-5.38,0.84,0.29,0.12,170,3.14
"Song 3998","Artist 2","R&B",2019,28,0.99,0.6,-2.72,0.53,0.57,0.93,97.3,4.57
"Song 3999","Artist 57","Rock",2017,50,0.76,0.69,-6.12,0.82,0.19,0.5,131.65,4.17
"Song 4000","Artist 62","Indie",2015,44,0.21,0.49,-10.76,0.64,0.3,0.27,129.14,5.13
"Song 4001","Artist 42","Jazz",2017,82,0.41,0.68,-10.36,0.93,0.94,0.48,72.8,3.6
"Song 4002","Artist 66","Indie",2017,36,0.63,0.93,-4.27,0.71,0.41,0.1,88,5.67
"Song 4003","Artist 26","Indie",2018,44,0.66,0.95,-12.79,0.49,0.64,0.25,134.59,4.87
"Song 4004","Artist 84","Indie",2015,58,0.67,0.97,-7.98,0.82,0.89,0.73,110.7,4.04
"Song 4005","Artist 84","Classical",2025,51,0.92,0.73,-13.64,0.74,0.61,0.86,95.76,2.63
"Song 4006","Artist 64","Rock",2016,51,0.6,0.75,-6.2,0.51,0.26,0.08,127.71,4.48
"Song 4007","Artist 59","Hip-Hop",2020,69,0.51,0.22,-14.81,0.72,0.66,0.75,149.56,3.25
"Song 4008","Artist 63","Classical",2025,72,0.44,0.83,-6.77,0.33,0.26,0.51,103.77,3.29
"Song 4009","Artist 45","Electronic",2017,88,0.3,0.66,-14.14,0.63,0.01,0.58,179.03,5.42
"Song 4010","Artist 73","Metal",2021,50,0.42,0.27,-2.61,0.6,0.79,0.13,176.69,3.2
"Song 4011","Artist 76","Country",2021,86,0.38,0.82,-14.02,0.76,0.3,0.07,155.6,5.29
"Song 4012","Artist 35","Electronic",2024,47,0.89,0.59,-5.74,0.2,0.84,0.08,83.03,2.95
"Song 4013","Artist 92","Country",2020,98,0.96,0.99,-7.74,0.56,0.07,0.21,98.75,4.51
"Song 4014","Artist 30","Jazz",2022,27,0.67,0.62,-5.68,0.02,0.26,0.05,178.19,2.86
"Song 4015","Artist 30","Hip-Hop",2025,49,0.42,0.86,-14.1,0.66,0.38,0.43,103.76,3.07
"Song 4016","Artist 87","Country",2025,59,0.8,0.38,-5.78,0.9,0.11,0.48,161.74,4.78
"Song 4017","Artist 35","Indie",2022,32,0.25,0.97,-14.88,0.39,0.35,0.17,148.7,5.02
"Song 4018","Artist 87","Indie",2021,67,0.29,0.35,-9.4,0.51,0.54,0.87,135.38,2.08
"Song 4019","Artist 78","Electronic",2024,33,0.51,0.24,-6.74,0.25,0.23,0.8,166.5,5.14
"Song 4020","Artist 54","Pop",2023,95,0.63,0.63,-12.58,0.39,0.21,0.62,110.68,4.79
"Song 4021","Artist 46","Pop",2019,51,0.51,0.54,-13.57,0.37,0.65,0.55,147.7,2.45
"Song 4022","Artist 49","Hip-Hop",2018,56,0.24,0.96,-11.55,0.89,0.15,0.55,92.87,2.12
"Song 4023","Artist 31","Indie",2016,58,0.53,0.61,-6.56,0.76,0.5,0.76,154.93,3.29
"Song 4024","Artist 30","Rock",2019,59,0.64,0.9,-11.57,1,0.84,0.77,141.84,5.89
"Song 4025","Artist 28","Country",2016,92,0.3,0.99,-4.4,0.64,0.61,0.24,113.7,3.76
"Song 4026","Artist 80","Classical",2017,58,0.45,0.9,-10.11,0.09,0.9,0.53,149.38,5.17
"Song 4027","Artist 53","Metal",2016,95,0.68,0.69,-13.98,0.9,0.9,0.15,96.05,4.67
"Song 4028","Artist 22","Metal",2016,63,0.9,0.34,-6.24,0.15,0.96,0.23,124.61,5.1
"Song 4029","Artist 55","Hip-Hop",2017,54,0.59,0.57,-2.4,0.77,0.21,0.81,174.62,4.9
"Song 4030","Artist 21","Indie",2023,24,0.69,0.61,-7.05,0.33,0,0.12,167.99,3.14
"Song 4031","Artist 29","Indie",2018,53,0.27,0.72,-6.06,0.31,0.72,0.08,103.5,3.09
"Song 4032","Artist 32","R&B",2015,35,0.89,0.23,-5.88,0.57,0.44,0.22,158.39,3.23
"Song 4033","Artist 68","Pop",2016,64,0.41,0.39,-3.77,0.39,0.38,0.37,137.66,4.23
"Song 4034","Artist 62","Indie",2018,23,0.95,0.55,-6.87,0.69,0.91,0.67,130.17,3.75
"Song 4035","Artist 76","Hip-Hop",2023,76,0.83,0.66,-12.43,0.92,0.64,0.38,150.83,4.94
"Song 4036","Artist 67","Indie",2025,24,0.81,0.31,-14.43,0.11,0.36,0.64,129.95,3.17
"Song 4037","Artist 14","Rock",2022,94,0.22,0.61,-6.75,0.58,0.47,0.91,76.68,3.21
"Song 4038","Artist 54","Indie",2021,94,0.72,0.89,-9.85,0.43,0.05,0.65,108.78,2.4
"Song 4039","Artist 94","Metal",2020,99,0.29,0.46,-13.93,0.67,0.25,0.89,171.21,2.73
"Song 4040","Artist 14","Electronic",2018,62,0.54,0.68,-9.1,0.71,0.86,0.72,173.3,4.22
"Song 4041","Artist 18","Hip-Hop",2020,27,0.66,0.42,-12.42,0.67,0.28,0.13,141.83,2.84
"Song 4042","Artist 52","Indie",2024,44,0.25,0.24,-5.26,0.61,0.59,0.06,70.16,5.43
"Song 4043","Artist 10","Jazz",2015,60,0.66,0.45,-7.59,0.75,0.09,0.56,150.13,5.72
"Song 4044","Artist 30","Jazz",2015,30,0.61,0.21,-5.89,0.11,0.82,0.41,118.5,3.11
"Song 4045","Artist 89","Electronic",2025,87,0.51,0.28,-4.68,0.29,0.65,0.62,78.38,3.96
"Song 4046","Artist 80","R&B",2017,27,0.69,0.93,-12.44,0.73,0.75,0.65,129.25,2.41
"Song 4047","Artist 13","Country",2023,58,0.78,0.65,-8.52,0.35,0.09,0.58,136.67,4.34
"Song 4048","Artist 44","Rock",2020,60,0.59,0.63,-13.47,0.7,0.33,0.9,169.24,5.1
"Song 4049","Artist 26","Metal",2019,43,0.8,0.99,-6.06,0.85,0.73,0.18,119.69,3.95
"Song 4050","Artist 90","Pop",2022,47,0.22,0.71,-10.12,0.17,0.89,0.72,101.11,3.15
"Song 4051","Artist 24","Electronic",2018,97,0.57,0.4,-8.98,0.58,0.43,0.04,80.18,5.1
"Song 4052","Artist 95","Metal",2021,97,0.48,0.35,-3.25,0.35,0.54,0.2,160.33,3.77
"Song 4053","Artist 41","Metal",2015,27,0.93,0.55,-7.07,0.89,0.09,0.11,135.8,5.52
"Song 4054","Artist 32","Metal",2023,67,0.6,0.71,-8.02,0.57,0.68,0.61,92.82,4.76
"Song 4055","Artist 27","Jazz",2023,86,0.44,0.96,-10.13,0.32,0.18,0.23,146.08,3.82
"Song 4056","Artist 10","Indie",2019,56,0.53,0.63,-10.33,0.7,0.95,0.31,83.38,5.08
"Song 4057","Artist 90","Rock",2022,46,0.24,0.38,-11.91,0.51,0.59,0.3,115.25,4.74
"Song 4058","Artist 10","R&B",2025,90,0.63,0.36,-2.12,0.44,0.07,0.97,114.05,4.34
"Song 4059","Artist 2","R&B",2023,72,0.99,0.43,-2.2,0.45,0.89,0.22,146.18,5.02
"Song 4060","Artist 70","Pop",2020,37,0.98,0.58,-12.75,0.34,0.31,0.74,157.38,2.53
"Song 4061","Artist 92","Country",2025,97,0.31,0.55,-9.33,0.44,0.26,0.81,163.87,3.12
"Song 4062","Artist 57","Rock",2020,56,0.21,0.61,-7.27,0.59,0.75,0.5,138.64,3.21
"Song 4063","Artist 66","Electronic",2015,50,0.29,0.92,-10.12,0.56,0.63,0.35,144.72,5.05
"Song 4064","Artist 45","Pop",2019,75,0.31,0.6,-8.84,0.61,0.29,0.62,116.8,2.15
"Song 4065","Artist 82","Classical",2018,30,0.99,0.67,-13.02,0.73,0.87,0.36,88.94,2.54
"Song 4066","Artist 18","Electronic",2020,20,0.85,0.72,-12.4,0.14,0.04,0.6,108.2,2.19
"Song 4067","Artist 75","Pop",2017,59,0.9,0.54,-6.69,0.75,0.91,0.93,101.1,4.39
"Song 4068","Artist 7","Electronic",2020,47,0.69,0.55,-11.18,0.31,0.11,0.75,133.54,3.44
"Song 4069","Artist 14","Classical",2023,22,0.32,0.63,-8.66,0.95,0.86,0.34,70.94,2.18
"Song 4070","Artist 56","Jazz",2020,37,0.46,0.21,-3.52,0.55,0.83,0.44,157.08,5.58
"Song 4071","Artist 50","Electronic",2022,36,0.44,0.52,-5.2,0.06,0.02,0.87,105.28,3
"Song 4072","Artist 34","Country",2017,49,0.29,0.55,-6.33,0.54,0.44,0.11,163.31,4.58
"Song 4073","Artist 48","Indie",2017,22,0.92,0.95,-14.81,0.85,0.07,0.18,146.37,2.44
"Song 4074","Artist 82","Hip-Hop",2025,62,0.63,0.9,-3.61,0.13,0.51,0.45,108.04,5.9
"Song 4075","Artist 62","Indie",2015,45,0.7,0.54,-10.04,0.72,0.54,0.77,120.31,3.61
"Song 4076","Artist 24","Pop",2018,45,0.54,0.32,-8.22,0.48,0.59,0.29,153.18,5.07
"Song 4077","Artist 73","Jazz",2022,30,0.94,0.34,-10.11,0.36,0.65,0.76,152.3,3.91
"Song 4078","Artist 41","Classical",2017,59,0.24,0.44,-2.48,0.66,0.95,0.71,90.83,2.14
"Song 4079","Artist 1","Electronic",2016,70,0.98,0.88,-2.39,0.96,0.59,0.07,155.99,3.1
"Song 4080","Artist 64","Rock",2020,37,0.35,0.46,-10.24,0.1,0.31,0.05,165.74,2.84
"Song 4081","Artist 34","Jazz",2023,74,0.91,0.62,-2.57,0.75,0.9,0.19,100.47,2.42
"Song 4082","Artist 61","Indie",2015,22,0.72,0.41,-7.31,0.33,0.49,1,152.13,5.92
"Song 4083","Artist 93","Indie",2021,54,0.86,0.71,-6.5,0.54,0.36,0.31,111.13,5.73
"Song 4084","Artist 90","Country",2018,50,0.32,0.28,-5.31,0.01,0.88,0.25,120.53,3.68
"Song 4085","Artist 38","Country",2023,33,0.7,0.29,-3.37,0.48,0.29,0.26,146.7,3.7
"Song 4086","Artist 50","Classical",2021,34,0.75,0.54,-12.24,0.89,0.68,0.22,79.22,4.51
"Song 4087","Artist 99","Electronic",2017,38,0.31,0.86,-7.88,0.3,0.98,0.15,95.51,4.63
"Song 4088","Artist 17","Country",2024,52,0.8,0.79,-12.23,0.86,0.2,0.48,145.5,3.99
"Song 4089","Artist 98","Pop",2016,55,0.73,0.96,-14.29,0.76,0.85,0.33,70.31,4.62
"Song 4090","Artist 2","Classical",2019,23,0.55,0.78,-2.56,0.53,0.06,0.65,72.19,4.1
"Song 4091","Artist 38","Electronic",2018,26,0.4,0.79,-15,0.75,0.86,0.84,125.04,5.43
"Song 4092","Artist 96","Classical",2020,77,0.62,0.95,-3.57,0,0.76,0.26,130.56,2.67
"Song 4093","Artist 14","Classical",2017,81,0.53,0.93,-12.1,0.09,0.03,0.62,122.38,5.33
"Song 4094","Artist 1","Hip-Hop",2022,96,0.67,0.48,-2.42,0.6,0.45,0.62,103.12,4.98
"Song 4095","Artist 57","Indie",2021,82,0.41,0.38,-9.69,0.92,0.98,0.74,80.51,3.01
"Song 4096","Artist 63","Electronic",2015,65,0.76,0.42,-4.57,0.59,0.74,0.71,133.26,3.72
"Song 4097","Artist 61","Country",2023,71,0.69,0.74,-3.6,0.18,0.53,0.01,77.12,4.06
"Song 4098","Artist 100","Jazz",2022,51,0.26,0.59,-8.27,0.89,0.14,0.78,84.07,5.77
"Song 4099","Artist 58","Pop",2016,70,0.55,0.58,-10.65,0.24,0.82,0.36,129.6,2.67
"Song 4100","Artist 20","Pop",2022,86,0.32,0.46,-7.72,0.1,0.93,0.89,128.8,3.47
"Song 4101","Artist 77","Metal",2023,55,0.26,0.75,-14.34,0.23,0.47,0.52,120.32,2.1
"Song 4102","Artist 47","Hip-Hop",2018,93,0.35,0.57,-10.25,0.13,0.6,0.36,169.82,5.84
"Song 4103","Artist 43","R&B",2021,38,0.92,0.82,-3.51,0.54,0.88,0.14,75.72,3.18
"Song 4104","Artist 39","R&B",2023,25,0.86,0.27,-10.4,0.8,0.82,0.45,103.01,3.77
"Song 4105","Artist 57","Classical",2021,27,0.26,0.42,-8.12,0.44,0.61,0.82,158.48,5.26
"Song 4106","Artist 92","Metal",2019,72,1,0.78,-5.95,0.81,0.28,0.09,165.21,2.71
"Song 4107","Artist 59","Pop",2025,45,0.55,0.72,-2.29,0.83,0.53,0.73,138.4,2.53
"Song 4108","Artist 58","Indie",2020,72,0.82,0.7,-11.75,0.76,0.05,1,70.6,4.4
"Song 4109","Artist 22","Classical",2022,86,0.25,0.23,-8.66,0.47,0.34,0.06,118.62,3.24
"Song 4110","Artist 44","Country",2022,63,0.83,0.36,-7.99,0,0.6,0.2,105.39,5.78
"Song 4111","Artist 57","Classical",2021,88,0.67,0.44,-9.15,0.93,1,0.07,123.35,5.35
"Song 4112","Artist 36","Jazz",2020,71,0.21,0.33,-2.14,0.4,0.04,0.35,131.61,4.3
"Song 4113","Artist 99","Indie",2017,78,0.67,0.61,-8.07,1,0.72,0.49,77.12,5.13
"Song 4114","Artist 81","Indie",2019,41,0.3,0.68,-13.52,0.03,0.32,0.44,171.27,2.86
"Song 4115","Artist 70","Classical",2020,86,0.89,0.66,-9.87,0.03,0.39,0.46,170.19,3.96
"Song 4116","Artist 34","Electronic",2018,66,0.44,0.43,-6.07,0.95,0.97,0.91,75.52,3.43
"Song 4117","Artist 61","Electronic",2017,24,0.88,0.84,-14.66,0.35,0.57,0.19,114.64,2.51
"Song 4118","Artist 38","Country",2023,64,0.61,0.28,-8.97,0.54,0.45,0.58,120.97,4.52
"Song 4119","Artist 47","Metal",2016,28,0.26,0.81,-13.95,0.12,0.36,0.06,108.55,2.36
"Song 4120","Artist 78","Metal",2021,33,0.45,0.49,-3.6,0.34,0.51,0.5,100.43,4.24
"Song 4121","Artist 8","Electronic",2015,86,0.41,0.37,-5.45,0.15,0.72,0.19,141.62,3.27
"Song 4122","Artist 35","Classical",2020,22,0.85,0.45,-11.33,0.27,0.92,0.04,132.39,5.48
"Song 4123","Artist 55","Pop",2021,94,0.22,0.89,-3.2,0.63,0.02,0.62,115.3,3.06
"Song 4124","Artist 40","Jazz",2021,47,0.65,0.88,-13.14,0.46,0.46,0.88,177.85,3.04
"Song 4125","Artist 72","R&B",2021,98,0.89,0.68,-8.25,0.9,0.3,0.91,80.4,2.86
"Song 4126","Artist 6","Hip-Hop",2015,31,0.22,0.44,-12.05,0.94,0.77,0.39,174.19,3.97
"Song 4127","Artist 26","Metal",2015,53,0.97,0.36,-8.68,0.15,0.6,0.97,165.92,2.85
"Song 4128","Artist 52","Rock",2020,77,0.52,0.56,-5.1,0.39,0.44,0.47,173.9,2.95
"Song 4129","Artist 43","Pop",2025,32,0.97,0.96,-11.49,0.02,0.43,0.94,117.73,3.63
"Song 4130","Artist 4","Jazz",2024,40,0.31,0.27,-2.58,0.67,0.74,0.78,173.79,6
"Song 4131","Artist 11","Country",2024,86,0.8,0.47,-7.84,0.82,0.33,0.68,91.98,2.81
"Song 4132","Artist 20","Rock",2015,51,0.56,0.86,-10.88,0.58,0.51,0.86,84.84,4.39
"Song 4133","Artist 24","Pop",2021,61,0.43,0.21,-3.28,0.07,0.58,0.92,94,4.14
"Song 4134","Artist 87","Hip-Hop",2021,94,0.92,0.65,-10.74,0.64,0.85,0.56,87.46,2.61
"Song 4135","Artist 4","Indie",2025,75,0.94,0.61,-11.49,0.61,0.6,0.91,119.63,3.55
"Song 4136","Artist 4","Metal",2019,44,0.36,0.23,-9.2,0.28,0.08,0.87,87.98,2.15
"Song 4137","Artist 84","Indie",2023,65,0.67,0.95,-7.17,0.21,0.38,0.56,163.88,5.19
"Song 4138","Artist 64","Pop",2025,56,0.89,0.47,-9.48,0.57,0.73,0.97,110.62,5.69
"Song 4139","Artist 99","Hip-Hop",2023,38,0.88,0.49,-12.8,0.75,0.07,0.08,122.11,5.61
"Song 4140","Artist 1","R&B",2016,54,0.34,0.92,-13.78,0.66,0.31,0.09,149.76,5.53
"Song 4141","Artist 15","Classical",2019,99,0.94,0.53,-6.76,0.05,0.8,0.94,128.86,3.7
"Song 4142","Artist 80","Rock",2017,88,0.41,0.85,-6.73,0.57,0.18,0.04,139.01,2.86
"Song 4143","Artist 98","Metal",2017,45,0.96,0.39,-14.92,0.77,0.94,0.43,139.95,2.83
"Song 4144","Artist 82","R&B",2019,81,0.67,0.75,-9.84,0.05,0.58,0.58,105.1,4.57
"Song 4145","Artist 11","Country",2018,47,0.91,0.9,-4.45,0.29,0.36,0.17,128.6,2.55
"Song 4146","Artist 57","Indie",2018,88,0.58,0.75,-14.02,0.15,0.17,0.55,116.69,3.86
"Song 4147","Artist 33","Rock",2020,49,0.22,0.33,-13.04,0.24,0.13,0.39,170.45,2.07
"Song 4148","Artist 13","R&B",2025,73,0.99,0.62,-3.9,0.06,0.25,0.42,166.35,3.24
"Song 4149","Artist 1","Jazz",2018,83,0.72,0.68,-10.02,0.83,0.09,0.27,178.97,4.98
"Song 4150","Artist 63","Classical",2019,84,0.24,0.67,-8.05,0.67,0.75,0.8,126.34,2.75
"Song 4151","Artist 64","Classical",2018,98,0.26,0.47,-3.19,0.17,0.08,0.99,143.93,5.84
"Song 4152","Artist 35","Hip-Hop",2021,39,0.64,0.3,-10.03,0.29,0.1,0.37,170.19,5.22
"Song 4153","Artist 20","Metal",2022,51,0.87,0.38,-5.94,0.74,0.19,0.87,84.57,5.17
"Song 4154","Artist 76","Rock",2025,97,0.94,0.95,-2.87,0.85,0.84,0.45,147.53,2.66
"Song 4155","Artist 80","Electronic",2019,81,0.69,0.35,-2.26,0.72,0.14,0.5,79.21,5.19
"Song 4156","Artist 97","Classical",2017,31,0.57,0.82,-6.63,0.63,0.58,0.18,111.35,2.59
"Song 4157","Artist 87","Classical",2024,60,0.47,0.44,-3.87,0.25,0.38,0.99,133.94,3.95
"Song 4158","Artist 2","Jazz",2015,99,0.6,0.41,-13.71,0.19,0.75,0.96,93.09,4.08
"Song 4159","Artist 68","Rock",2023,28,0.51,0.7,-12.89,0.39,0.55,0.99,126.21,5.34
"Song 4160","Artist 54","Classical",2017,50,0.85,0.5,-4.69,0.39,0.49,0.77,175.01,3.29
"Song 4161","Artist 69","Hip-Hop",2016,29,0.94,0.61,-4.12,0.71,0.27,0.42,95.56,2.27
"Song 4162","Artist 83","Electronic",2017,68,0.48,0.64,-6.07,0.73,0.19,0.92,104.86,5.87
"Song 4163","Artist 64","Jazz",2023,56,0.46,0.81,-7.14,0.28,0.45,0.99,113.79,5.48
"Song 4164","Artist 63","Electronic",2017,55,0.72,0.43,-4.02,0.06,0.18,0.62,139.65,4.04
"Song 4165","Artist 35","Classical",2016,28,0.9,0.79,-12.57,0.92,0.96,0.42,95.09,4.62
"Song 4166","Artist 34","Metal",2019,89,0.97,0.22,-14.78,0.39,0.45,0.83,97.68,4.88
"Song 4167","Artist 84","Rock",2022,79,0.42,0.73,-8.96,0.55,0.65,0.77,144.54,3.05
"Song 4168","Artist 26","Classical",2025,35,0.7,0.49,-12.33,0.65,0.11,0.16,134.16,5.81
"Song 4169","Artist 42","Country",2019,33,0.78,0.68,-8.47,0.58,0.49,0.19,71.6,3.31
"Song 4170","Artist 63","Indie",2017,28,0.63,0.7,-12.74,0.84,0.41,0.43,156.94,5.7
"Song 4171","Artist 57","Rock",2022,20,0.75,0.75,-9.34,0.9,0.4,0.21,154.99,2.15
"Song 4172","Artist 5","Hip-Hop",2019,23,0.29,0.41,-7.76,0.13,0.41,0.14,165.62,3.2
"Song 4173","Artist 51","Pop",2022,64,0.29,0.2,-11.79,0.27,0.53,0.28,123.26,5.24
"Song 4174","Artist 22","Jazz",2016,50,0.51,0.3,-7.24,0.51,0.99,0.09,91.02,2.31
"Song 4175","Artist 4","Indie",2020,33,0.73,0.21,-8.18,0.8,0.24,0.96,171.26,4.57
"Song 4176","Artist 96","Classical",2021,81,0.37,0.71,-12.3,0.7,0.53,0.18,137.02,3.5
"Song 4177","Artist 15","Jazz",2021,80,0.93,0.38,-7.81,0.97,0.23,0.41,107.57,3.19
"Song 4178","Artist 3","Hip-Hop",2020,22,0.38,0.95,-9.58,0.33,0.05,0.28,99.65,5.57
"Song 4179","Artist 79","Electronic",2025,48,0.93,0.55,-11.53,0.73,0.01,0.34,78.33,4.65
"Song 4180","Artist 89","Jazz",2020,20,0.73,0.23,-6.58,0.03,0.53,0.37,132.63,2.03
"Song 4181","Artist 88","Jazz",2023,48,0.36,0.66,-14.06,0.56,0.87,0.73,89.19,2.96
"Song 4182","Artist 98","Country",2015,97,0.86,0.44,-8.33,0.9,0.62,0.57,177.38,5.69
"Song 4183","Artist 43","Electronic",2022,59,0.89,0.42,-6.65,0.89,0.46,0.16,124.03,2.31
"Song 4184","Artist 40","Pop",2018,60,0.29,0.21,-5.87,0.61,0.24,0.86,117.17,4.61
"Song 4185","Artist 34","Country",2016,46,0.79,0.6,-12.74,0.27,0.39,0.99,120.72,5.41
"Song 4186","Artist 50","Hip-Hop",2020,79,0.37,0.73,-4.76,0.77,0.37,0.29,94.63,3.7
"Song 4187","Artist 86","Pop",2020,35,0.78,0.72,-6.48,0.34,0.33,0.68,72.43,3.57
"Song 4188","Artist 19","Pop",2018,33,0.22,0.21,-8.72,0.09,0.12,0.36,127.47,4.28
"Song 4189","Artist 46","Electronic",2016,56,0.51,1,-8.16,0.31,0.89,0.99,94.96,2.49
"Song 4190","Artist 42","Pop",2018,96,0.56,0.75,-9.08,0.47,0.8,0.92,170.24,2.1
"Song 4191","Artist 3","Jazz",2016,86,0.25,0.97,-7.57,0.57,0.36,0.65,166.35,4.15
"Song 4192","Artist 2","Metal",2021,38,0.9,0.73,-10.4,0.23,0.82,0.72,107.61,2.89
"Song 4193","Artist 38","Indie",2024,89,0.42,0.29,-5.21,0.46,0.16,0.48,102.9,4.64
"Song 4194","Artist 32","Classical",2020,70,0.6,0.57,-11.12,0.95,0.32,0.99,175.92,5.86
"Song 4195","Artist 53","Indie",2025,70,0.49,0.39,-13.12,0.47,0.92,0.45,138.14,4.66
"Song 4196","Artist 75","Jazz",2020,96,0.69,0.87,-4.91,0.06,0.71,0.34,95.86,3.81
"Song 4197","Artist 76","Metal",2023,59,0.97,0.49,-13.95,0.94,0.42,0.33,156.31,5.25
"Song 4198","Artist 18","Jazz",2020,22,0.38,0.91,-8.64,0.06,0.68,0.99,158,2.42
"Song 4199","Artist 30","R&B",2024,50,0.78,0.27,-2.03,0.97,0.33,0.54,108.43,3.45
"Song 4200","Artist 7","Country",2020,65,0.26,0.78,-9.57,0.67,0.52,0.09,166.31,2.95
"Song 4201","Artist 13","R&B",2016,62,0.71,0.37,-11.46,0.02,0.17,0.7,122.27,3.37
"Song 4202","Artist 77","Metal",2021,97,0.64,0.85,-10.46,0.52,0.92,0.65,142.99,2.95
"Song 4203","Artist 75","Indie",2017,86,0.78,0.4,-10.41,0.17,0.5,0.81,107.55,4.84
"Song 4204","Artist 77","Country",2019,39,0.27,0.37,-2.32,0.09,0.37,0.85,122.76,5.04
"Song 4205","Artist 85","Metal",2022,25,0.48,0.61,-8.27,0.53,0.02,0.99,109.16,2.68
"Song 4206","Artist 10","Rock",2022,76,0.31,0.89,-14.4,0.68,0.35,0.27,147.73,5.04
"Song 4207","Artist 16","Jazz",2017,38,0.74,0.56,-10.4,0.04,0.33,0.08,106.66,3.17
"Song 4208","Artist 53","Classical",2024,54,0.7,0.33,-9.96,0.46,0.03,0.2,128.26,3.31
"Song 4209","Artist 1","R&B",2018,94,0.59,0.25,-9.94,0.95,0.18,0.18,139.51,2.62
"Song 4210","Artist 57","Rock",2015,79,0.7,0.86,-12.17,0.94,0.37,0.84,85.77,2.4
"Song 4211","Artist 7","Metal",2017,85,0.75,0.49,-4.46,0.35,0.82,0.5,82.29,3.01
"Song 4212","Artist 35","Country",2023,69,0.62,0.57,-5.45,0.75,0.6,0.52,150.95,5.63
"Song 4213","Artist 94","Pop",2020,88,0.83,0.26,-10.16,0.37,0.63,0.69,90.76,2.73
"Song 4214","Artist 80","Jazz",2015,83,0.84,0.95,-9.01,0.23,0.27,0.14,169.49,3.28
"Song 4215","Artist 74","Indie",2016,77,0.36,0.86,-7.68,0.42,0.71,0.6,82.87,5.68
"Song 4216","Artist 81","Jazz",2015,32,0.53,0.77,-13.13,0.62,0.07,0.05,111.94,5.07
"Song 4217","Artist 65","Pop",2023,94,0.29,0.2,-13.35,0.05,0.42,0.96,73.01,4.45
"Song 4218","Artist 100","Hip-Hop",2018,54,0.68,0.61,-5.92,0.58,0.32,0.71,122.05,4.74
"Song 4219","Artist 60","Indie",2023,50,0.48,0.62,-11.67,0.64,1,0.65,164.14,2.75
"Song 4220","Artist 60","Electronic",2020,37,0.35,0.74,-11.69,0.24,0.6,0.42,102.16,2.7
"Song 4221","Artist 25","Metal",2024,53,0.65,0.43,-5.56,0.07,0.99,0.76,128.39,2.21
"Song 4222","Artist 58","Metal",2025,54,0.29,0.9,-8.39,0.66,0.25,0.79,155.15,3.38
"Song 4223","Artist 54","R&B",2021,47,0.95,0.43,-6.66,0.25,0.88,0.2,70.81,2.59
"Song 4224","Artist 2","Pop",2024,78,0.65,0.28,-2.81,0.66,0.14,0.95,111.67,4.23
"Song 4225","Artist 34","Rock",2024,99,0.46,0.85,-10.78,0.1,0.2,0.65,176.81,4.63
"Song 4226","Artist 37","Rock",2018,68,0.32,0.97,-12.15,0.5,0.92,0.2,74.74,3.34
"Song 4227","Artist 69","Metal",2015,55,0.77,0.59,-3.76,0.78,0.25,0.8,75.32,2.49
"Song 4228","Artist 71","Country",2023,36,0.81,0.49,-12.57,0.99,0.74,0.4,102.5,3.46
"Song 4229","Artist 34","Country",2023,85,0.36,0.24,-12.01,0.86,0.25,0.66,144.48,3.22
"Song 4230","Artist 62","Classical",2016,92,0.23,0.74,-9.61,0.75,0.85,0.13,101.61,4.36
"Song 4231","Artist 36","Hip-Hop",2019,25,0.59,0.49,-5.34,0.99,0.2,0.17,96.64,2.24
"Song 4232","Artist 48","Classical",2025,86,0.86,0.23,-3.04,0.93,0.29,0.81,105.59,5.84
"Song 4233","Artist 60","Rock",2019,57,0.37,0.96,-10.52,0.57,0.63,0.04,178.96,3.54
"Song 4234","Artist 19","Pop",2025,49,0.43,0.52,-7.64,0.9,0.57,0.98,145.1,5.35
"Song 4235","Artist 97","Classical",2020,23,0.91,0.47,-13.94,0.35,0.14,0.01,116.79,2.08
"Song 4236","Artist 93","Jazz",2022,44,0.92,0.51,-14.5,0.1,0.88,0.35,116.84,4.23
"Song 4237","Artist 20","Country",2024,21,0.32,0.5,-3.49,0.29,0.91,0.35,176.22,5.67
"Song 4238","Artist 86","R&B",2017,81,0.42,0.88,-13.35,0.83,0.29,0.98,156.83,4.14
"Song 4239","Artist 15","Rock",2016,43,0.93,0.37,-3.19,0.98,0.51,0.92,179.91,5.8
"Song 4240","Artist 11","Pop",2016,89,0.59,0.45,-2.44,0.52,0.04,0.7,120.81,5.69
"Song 4241","Artist 50","Pop",2020,47,0.43,0.52,-5.8,0.1,0.27,0.79,138.25,4.63
"Song 4242","Artist 49","R&B",2018,53,0.31,0.87,-13.4,0.23,0.22,0.64,171.43,4.86
"Song 4243","Artist 67","Country",2015,85,0.87,0.61,-8.85,0.41,0.23,0.08,108.49,5.18
"Song 4244","Artist 24","Electronic",2015,28,0.51,0.84,-14.39,0.39,0.71,0.43,126.94,2.3
"Song 4245","Artist 62","Classical",2020,69,0.75,0.8,-5.17,0.3,0,0.32,86.63,3.99
"Song 4246","Artist 68","Pop",2024,54,0.98,0.31,-13.76,0.97,0.66,0.13,105.21,3.26
"Song 4247","Artist 33","Metal",2025,56,0.5,0.79,-10.8,0.63,0.15,0.03,160.14,5.16
"Song 4248","Artist 13","Country",2019,50,0.98,0.97,-11.31,0.94,0.51,0.51,89.69,5.18
"Song 4249","Artist 49","Pop",2021,20,0.53,0.81,-9.02,0.41,0.21,0.35,168.36,4.33
"Song 4250","Artist 53","Rock",2023,43,0.3,0.25,-8.89,0.05,0.56,0.65,177.67,5.91
"Song 4251","Artist 95","Classical",2024,23,0.6,0.73,-8.92,0.03,0.09,0.19,176.23,2.12
"Song 4252","Artist 59","Rock",2016,44,0.61,0.24,-9.46,0.06,0.92,0.98,83.57,4.51
"Song 4253","Artist 70","R&B",2022,42,0.72,0.27,-8.03,0.23,0.88,0.77,97.55,3.87
"Song 4254","Artist 7","Jazz",2018,33,0.8,0.99,-8.72,0.1,0.12,0.99,131.86,5.09
"Song 4255","Artist 39","Country",2017,35,0.78,0.92,-4.81,0.79,0.89,0.15,71.65,4.11
"Song 4256","Artist 60","Classical",2015,82,0.96,0.31,-5.21,0.1,0.95,0.01,161.1,4.52
"Song 4257","Artist 63","R&B",2015,20,0.87,0.66,-7.17,0.11,0.82,0.1,94.44,2.91
"Song 4258","Artist 60","Hip-Hop",2016,92,0.63,0.48,-10.59,0.1,0.69,0.95,144.89,4.69
"Song 4259","Artist 54","R&B",2024,82,0.44,0.7,-4.19,0.07,0.72,0.72,84.38,3.68
"Song 4260","Artist 21","R&B",2015,20,0.95,0.42,-7.31,0.94,0.13,0.39,174.05,3.33
"Song 4261","Artist 89","Jazz",2017,66,0.8,0.76,-9.12,0.98,0.4,0.37,91.93,4.69
"Song 4262","Artist 84","Electronic",2023,32,0.78,0.52,-4.4,0.36,0.1,0.63,165.81,5.49
"Song 4263","Artist 47","Metal",2017,61,0.34,0.51,-8.52,0.89,0.96,0.77,79.8,5.93
"Song 4264","Artist 5","Pop",2025,85,0.43,0.5,-11.84,0.08,0.56,0.07,83.84,3.95
"Song 4265","Artist 95","R&B",2025,89,0.95,0.25,-9.29,0.21,0.7,0.75,144.81,4.41
"Song 4266","Artist 48","Jazz",2021,68,0.68,0.82,-10.07,0.17,0.31,0.85,87.22,2.66
"Song 4267","Artist 33","Hip-Hop",2019,59,0.41,0.87,-13.83,0.17,0.57,0.39,171.33,5.18
"Song 4268","Artist 10","Classical",2017,64,0.31,0.61,-4.07,0.35,0.7,0.74,162.74,5.18
"Song 4269","Artist 15","Pop",2018,36,0.52,0.39,-8.82,0.52,0.23,0.98,88.68,2.19
"Song 4270","Artist 93","Rock",2015,82,0.66,0.6,-14.55,0.12,0.9,0.72,174.99,2.8
"Song 4271","Artist 51","Country",2016,75,0.27,0.37,-10.8,0.7,0.49,0.98,121.93,5.02
"Song 4272","Artist 21","Pop",2017,92,0.69,0.57,-7.28,0.84,0.72,0.57,117.65,3.1
"Song 4273","Artist 4","Hip-Hop",2020,31,0.42,0.66,-11.32,0.88,0.64,0.41,128.59,5.86
"Song 4274","Artist 47","Pop",2023,40,0.62,0.6,-4.79,0.17,0.03,0.68,88.29,2.44
"Song 4275","Artist 95","Jazz",2021,52,0.63,0.47,-3.98,0.87,0.02,0.88,105.79,2.02
"Song 4276","Artist 18","Pop",2018,87,0.95,0.56,-4.12,0.25,0.01,0.44,95.36,2.37
"Song 4277","Artist 59","R&B",2024,43,0.33,0.24,-12.07,0.97,0.83,0.13,152.88,3.08
"Song 4278","Artist 9","Hip-Hop",2023,50,0.37,0.8,-8.65,0.86,0.94,0.82,95.88,4.58
"Song 4279","Artist 96","Indie",2023,96,0.32,0.2,-8.37,0.56,0.19,0.71,157.61,4.62
"Song 4280","Artist 53","Country",2018,33,0.98,0.57,-10.89,0.01,0.13,0.31,102.21,4.95
"Song 4281","Artist 97","Jazz",2019,22,0.31,0.2,-13.24,0.2,0.64,0.91,92.98,2.6
"Song 4282","Artist 33","Classical",2023,47,0.82,0.81,-7.8,0.15,0.42,0.07,151.36,3.23
"Song 4283","Artist 91","Electronic",2018,21,0.43,0.84,-9.73,0.52,0.97,0.35,132.22,2.18
"Song 4284","Artist 8","Classical",2018,57,0.63,0.59,-9.4,0.38,0.5,0.39,129.39,4.77
"Song 4285","Artist 85","Electronic",2019,73,0.66,0.51,-6.37,0.46,0.78,0.68,151.42,5.89
"Song 4286","Artist 35","Pop",2018,81,0.33,0.84,-9.98,0.75,0.38,0.59,137.81,5.07
"Song 4287","Artist 28","Rock",2024,95,1,0.35,-4.24,0.95,0.92,0.85,168.51,6
"Song 4288","Artist 82","Pop",2016,40,0.22,0.81,-2.45,0.61,0.73,0.32,80.28,3.12
"Song 4289","Artist 24","Indie",2023,32,0.68,0.85,-12.95,0.35,0.24,0.09,152.72,3.52
"Song 4290","Artist 96","Pop",2024,58,0.29,0.33,-10.09,0.73,0.13,0.33,108.05,5.14
"Song 4291","Artist 54","Indie",2024,55,0.67,0.88,-7.82,0.88,0.97,0.35,138.67,3.89
"Song 4292","Artist 37","Indie",2017,23,0.65,0.3,-13.96,0.17,0.18,0,156.43,5.38
"Song 4293","Artist 4","Rock",2017,89,0.47,0.34,-8.55,0.77,0.7,0.5,118.61,2.89
"Song 4294","Artist 96","Country",2019,80,0.42,0.25,-14.41,0.21,0.81,0.5,80.47,2.39
"Song 4295","Artist 16","Jazz",2020,30,0.41,0.93,-10.99,0.06,0.21,0.38,98.93,2.94
"Song 4296","Artist 30","R&B",2021,88,0.29,0.3,-13.39,0.02,0.09,0.51,138.02,5.63
"Song 4297","Artist 4","Classical",2020,67,0.38,0.63,-2.13,0.87,0.83,0.07,78.29,2.44
"Song 4298","Artist 10","Jazz",2023,66,0.94,0.2,-14.42,0.09,0.35,0.63,128.31,5.31
"Song 4299","Artist 25","R&B",2016,59,0.84,0.37,-4.28,0.3,0.25,0.5,159.16,2.06
"Song 4300","Artist 19","Metal",2020,57,0.33,0.96,-10.44,0.27,0.49,0.25,172.48,3.66
"Song 4301","Artist 53","Hip-Hop",2023,21,0.33,0.28,-10.61,0.33,0.1,0.93,102.12,2.71
"Song 4302","Artist 89","Rock",2016,59,0.35,0.88,-10.03,0.72,0.52,0.32,174.24,5.33
"Song 4303","Artist 24","Jazz",2023,52,0.37,0.94,-4.09,0.18,0,0.35,140.98,5.21
"Song 4304","Artist 57","Pop",2022,47,0.39,0.36,-3.32,0.71,0.76,0.59,90.32,2.28
"Song 4305","Artist 19","Metal",2021,37,0.2,0.54,-9.36,0.88,0.21,0.15,97.62,4.36
"Song 4306","Artist 99","Hip-Hop",2024,98,0.85,0.44,-8.97,0.4,0.97,0.4,135.27,2.63
"Song 4307","Artist 40","Country",2019,66,0.25,0.44,-4.82,0.7,0.42,0.11,128.17,2.52
"Song 4308","Artist 50","Pop",2018,66,0.49,0.98,-7.55,0.22,0.7,0.32,162.45,5.45
"Song 4309","Artist 14","Electronic",2023,77,0.48,0.5,-13.01,0.95,0.98,0.57,96.22,4.05
"Song 4310","Artist 50","Hip-Hop",2024,74,0.91,0.24,-6.94,0.21,0.34,0.14,112.22,5.62
"Song 4311","Artist 42","Country",2015,88,0.45,0.41,-4.96,0.44,0.76,0.92,80.12,2.47
"Song 4312","Artist 12","Rock",2025,60,0.7,0.59,-3.61,0.54,0.57,0.74,169.89,2.39
"Song 4313","Artist 83","Jazz",2021,29,0.64,0.24,-8.66,0.35,0.99,0.05,176.04,3.56
"Song 4314","Artist 76","Country",2016,72,0.9,0.27,-5.78,0.64,0.2,0.28,116.83,3.54
"Song 4315","Artist 47","Electronic",2018,52,0.71,0.5,-5.11,0.62,0.1,0.46,109.93,4.11
"Song 4316","Artist 44","Electronic",2020,61,0.47,0.73,-3.55,0.84,0.34,0.28,95.19,5.16
"Song 4317","Artist 6","Indie",2021,88,0.6,0.48,-12.31,0.03,0.27,0.08,70.8,5.33
"Song 4318","Artist 2","Classical",2025,89,0.31,0.95,-12.4,0.68,0.47,0.72,164.05,3.47
"Song 4319","Artist 83","Metal",2017,72,0.21,0.31,-3.99,0.03,0.15,0.25,135.06,3.17
"Song 4320","Artist 76","Metal",2018,66,0.22,0.81,-2.06,0.08,0.44,0.25,75.8,2.19
"Song 4321","Artist 50","Pop",2017,24,0.43,0.67,-6.12,0.17,0.76,0.1,147.27,5.09
"Song 4322","Artist 18","Hip-Hop",2020,75,0.43,0.74,-6.27,0.9,0.67,0.22,101.82,3.77
"Song 4323","Artist 54","Indie",2020,29,0.75,0.34,-14.8,0.72,0.15,0.2,72.63,5.16
"Song 4324","Artist 29","Hip-Hop",2015,60,0.25,0.36,-6.09,0.23,0.43,0.69,108.02,2.47
"Song 4325","Artist 88","R&B",2022,67,0.78,0.9,-14.04,0.19,0.08,0.15,168.56,5.09
"Song 4326","Artist 85","Hip-Hop",2018,58,0.69,0.94,-8.74,0.31,0.8,0.48,164.67,5.69
"Song 4327","Artist 83","Indie",2021,66,0.37,0.75,-11.39,0.1,0.54,0.89,101.86,3.95
"Song 4328","Artist 99","R&B",2021,86,0.46,0.65,-8.78,0.33,0.99,0.44,121.12,2.08
"Song 4329","Artist 81","Pop",2016,33,0.9,0.39,-8.99,0.18,0.34,0.87,177.54,5.96
"Song 4330","Artist 91","Metal",2016,84,0.49,0.91,-12.47,0.42,0.58,0.84,162.04,5.22
"Song 4331","Artist 11","Classical",2018,78,0.51,0.35,-11.48,0.06,0.49,0.7,169.06,3.34
"Song 4332","Artist 32","Hip-Hop",2021,66,0.3,0.79,-3.57,0.95,0.21,0.82,151.54,3.02
"Song 4333","Artist 79","Pop",2015,85,0.83,0.94,-12.23,0.14,0.78,0.12,109.58,2.89
"Song 4334","Artist 79","Metal",2018,23,0.5,0.48,-13.55,0.16,0.1,0.16,158.64,3.35
"Song 4335","Artist 87","Rock",2018,46,0.95,0.82,-8.73,0.49,0.06,0.86,74.72,4.71
"Song 4336","Artist 72","Hip-Hop",2016,93,0.23,0.75,-14.25,0.32,0.89,0.26,87.53,5.64
"Song 4337","Artist 26","Jazz",2015,54,0.47,0.94,-2.34,0.71,0.81,0.18,101.56,2.25
"Song 4338","Artist 57","Country",2023,21,0.9,0.61,-3.92,0.96,0.28,0.27,113.67,5.92
"Song 4339","Artist 54","Hip-Hop",2020,78,0.68,0.98,-13.53,0.67,0.84,0.37,136.18,2.59
"Song 4340","Artist 18","Pop",2019,29,0.36,0.79,-2.69,0.36,0.38,0.63,85.57,5.72
"Song 4341","Artist 38","Metal",2016,36,0.52,0.99,-6.17,0.63,0.86,0.55,128.71,4.15
"Song 4342","Artist 20","Jazz",2017,46,0.37,0.22,-5.86,0.29,0.71,0.48,85.96,3.75
"Song 4343","Artist 86","Classical",2024,78,0.33,0.9,-12.4,0.55,0.54,0.01,135.88,5.55
"Song 4344","Artist 46","Rock",2022,40,0.65,0.47,-2.57,0.61,0.44,0.23,111.7,5.72
"Song 4345","Artist 78","Rock",2022,21,0.94,0.22,-3.43,0.26,0.89,0.29,100.31,3.63
"Song 4346","Artist 96","Indie",2019,40,0.49,0.27,-7.93,0.08,0.55,0.66,101.78,5.28
"Song 4347","Artist 6","Metal",2017,90,0.37,0.51,-6.05,0.93,0.19,0.64,86.05,2.61
"Song 4348","Artist 67","Pop",2020,78,0.53,0.72,-8.33,0.36,0.65,0.22,93.76,3.22
"Song 4349","Artist 2","Electronic",2023,81,0.5,0.92,-12.67,0.44,0.03,0.79,154.06,4.08
"Song 4350","Artist 8","R&B",2022,60,0.9,0.31,-11.69,0.74,0.87,0.77,135.91,3.13
"Song 4351","Artist 31","Classical",2017,50,0.42,0.39,-5.07,0.63,0.65,0.44,156.85,2.79
"Song 4352","Artist 52","Indie",2015,85,0.23,0.3,-11.63,0.82,0.01,0.1,167.18,3.45
"Song 4353","Artist 25","Jazz",2020,91,0.55,0.38,-6.25,0.74,0.45,0.01,119.45,4.07
"Song 4354","Artist 93","Country",2021,55,0.58,0.46,-12.79,0.95,0.92,0.76,162.19,5.71
"Song 4355","Artist 28","Rock",2016,27,0.46,0.92,-13.93,0.1,0.17,0.11,71.87,3.64
"Song 4356","Artist 50","Pop",2025,35,0.44,0.4,-2.05,0.17,0.63,0.88,85.6,3.4
"Song 4357","Artist 93","Hip-Hop",2021,94,0.28,0.51,-11.57,0.48,0,0.15,96.95,3.5
"Song 4358","Artist 1","Indie",2025,26,0.74,0.44,-5.18,0.86,0.44,0.38,115.2,3.33
"Song 4359","Artist 31","Jazz",2021,80,0.43,0.64,-10.48,0.32,0.67,0.95,110.54,2.43
"Song 4360","Artist 89","Country",2023,34,0.69,0.69,-10.27,0.68,0.11,0.97,74.2,5.77
"Song 4361","Artist 62","Hip-Hop",2018,35,0.72,0.74,-7.35,0.9,0.24,0.6,88.13,4.52
"Song 4362","Artist 6","R&B",2022,30,0.22,0.58,-9.15,0.92,0.47,0.19,161.6,4.76
"Song 4363","Artist 56","Electronic",2018,83,0.31,0.52,-12.17,0.48,0.86,0.24,88.55,3.32
"Song 4364","Artist 20","R&B",2023,79,0.26,0.67,-5.2,0.3,0.71,0.11,106.2,5
"Song 4365","Artist 92","Metal",2024,44,0.78,0.78,-14.58,0.6,0.27,1,73.24,4.8
"Song 4366","Artist 50","Jazz",2022,38,0.46,0.29,-5.69,0.41,0.78,0.18,110.18,4.02
"Song 4367","Artist 74","Indie",2023,72,0.68,0.91,-4.47,0.86,0.53,0.92,154.81,4.18
"Song 4368","Artist 53","Metal",2025,68,0.97,0.7,-4.72,0.04,0.73,0.63,118.94,3.51
"Song 4369","Artist 5","Rock",2015,63,0.52,0.46,-11.02,0.16,0.76,0.03,130.17,2.29
"Song 4370","Artist 77","Country",2020,54,0.35,0.39,-14.57,0.82,0.42,0.7,150.76,4.33
"Song 4371","Artist 9","Jazz",2025,93,0.47,0.62,-10.65,0.79,0.6,0.1,147.67,4.29
"Song 4372","Artist 46","Jazz",2024,51,0.57,0.57,-13.65,0.21,0.35,0.91,173.4,3.21
"Song 4373","Artist 93","Electronic",2020,50,0.93,0.83,-6.6,0.75,0.1,0.06,73.35,4.46
"Song 4374","Artist 96","Country",2018,72,0.84,0.32,-4.16,0.88,0.8,0.34,119.12,2.93
"Song 4375","Artist 98","Jazz",2020,100,0.84,0.55,-12.44,0.13,0.79,0.85,118.48,5.71
"Song 4376","Artist 76","R&B",2021,21,1,0.7,-13.42,0.18,0.91,0.91,167.29,3.87
"Song 4377","Artist 59","Hip-Hop",2020,82,0.62,0.56,-12.88,0.73,0.7,0.02,116.77,5.6
"Song 4378","Artist 94","Indie",2022,28,0.99,0.76,-14.34,0.24,0.9,0.4,143.07,4.49
"Song 4379","Artist 74","Hip-Hop",2024,59,0.46,0.6,-2.83,0.59,0.95,0.12,79.84,3.98
"Song 4380","Artist 10","Pop",2025,22,0.95,0.64,-3.64,0.86,0.63,0.36,81.93,4.68
"Song 4381","Artist 74","Country",2024,37,0.41,0.7,-14.25,0.44,0.28,0.67,133.77,2.66
"Song 4382","Artist 62","Classical",2021,35,0.65,0.63,-4.92,0.7,0.45,0.46,116.75,5.74
"Song 4383","Artist 89","Rock",2016,28,0.96,0.2,-5.28,0.91,0.36,0.06,119.29,3.92
"Song 4384","Artist 74","Pop",2016,81,0.33,0.9,-9.6,0.23,0.77,0.07,169.2,3.43
"Song 4385","Artist 90","Classical",2015,42,0.52,0.91,-8.6,0.52,0.36,0.37,178.49,2.09
"Song 4386","Artist 71","Jazz",2021,85,0.54,0.77,-10.19,0.76,0.4,0.53,117.43,5.57
"Song 4387","Artist 17","Pop",2024,61,0.91,0.58,-3.58,0.69,0.31,0.7,140.6,5.09
"Song 4388","Artist 95","Classical",2025,26,0.88,0.85,-14.48,0.19,0.52,0.33,71.09,4.39
"Song 4389","Artist 61","Rock",2016,22,0.54,0.97,-6.53,0.41,0.59,0.52,89.92,2.07
"Song 4390","Artist 49","Electronic",2017,28,0.91,0.48,-7.27,0.03,0.87,0.42,172.35,5.02
"Song 4391","Artist 32","Indie",2019,50,0.6,0.5,-13.52,0.64,0.86,0.21,113.65,4.49
"Song 4392","Artist 87","Pop",2021,74,0.54,0.53,-7.56,0.84,0.49,0.51,99.3,2.81
"Song 4393","Artist 38","Country",2021,62,0.42,0.53,-13.92,0.12,0.61,0.74,83.23,4.95
"Song 4394","Artist 35","Pop",2022,54,0.36,0.82,-9.28,0.21,0.27,0.99,93.68,4.37
"Song 4395","Artist 4","Country",2022,89,0.78,0.53,-12.15,0.22,0.73,0.8,144.16,5.07
"Song 4396","Artist 39","Jazz",2021,66,0.44,0.65,-7.83,0.27,0.84,0.57,158.55,4.19
"Song 4397","Artist 4","Indie",2025,49,0.66,0.35,-9.81,0.68,0.76,0.13,176.35,4.53
"Song 4398","Artist 100","Country",2019,53,0.32,0.72,-8.73,0.53,0.35,0.97,112.64,3.47
"Song 4399","Artist 23","Pop",2023,78,0.72,0.7,-2.41,0.21,0.27,0.2,172.39,2.88
"Song 4400","Artist 45","Hip-Hop",2024,91,1,0.99,-2.79,0.75,0.12,0.7,121.66,5.38
"Song 4401","Artist 97","Rock",2015,53,0.77,0.86,-2.59,0.24,0.17,0.31,113.34,3.83
"Song 4402","Artist 71","R&B",2021,79,0.85,0.87,-12.37,0.77,0.48,0.67,154.67,4.55
"Song 4403","Artist 82","Country",2019,77,0.81,0.67,-12.66,0.17,0.46,0.99,115.22,3.91
"Song 4404","Artist 40","R&B",2018,97,0.32,0.8,-11.78,0.03,0.41,0.27,74.52,3.35
"Song 4405","Artist 59","Country",2020,57,0.73,0.83,-8.93,0.11,0.67,0.07,132.31,5.27
"Song 4406","Artist 46","Metal",2023,75,0.31,0.99,-11.95,0.91,0.74,0.75,136.12,2.59
"Song 4407","Artist 37","Indie",2023,31,0.33,0.5,-7.19,0.95,0.2,0.33,80.22,3.94
"Song 4408","Artist 1","Classical",2025,69,0.9,0.35,-10.34,0.65,0.92,0.08,90.39,4
"Song 4409","Artist 99","Hip-Hop",2022,74,0.38,0.76,-5.68,0.35,1,0.34,162.87,5.96
"Song 4410","Artist 71","Rock",2022,81,0.48,0.83,-10.51,0.99,0.24,0,107.58,5.91
"Song 4411","Artist 1","Electronic",2016,73,0.34,0.44,-6.49,0.59,0.14,0.05,92.96,5.87
"Song 4412","Artist 93","Electronic",2021,100,0.66,0.43,-2.72,0.92,0.93,0.26,99.67,5.62
"Song 4413","Artist 94","R&B",2019,89,0.47,0.83,-13,0.01,0.15,0.63,150.84,2.03
"Song 4414","Artist 71","Electronic",2020,67,0.22,0.71,-14.22,0.76,0.26,0.16,92.48,3.8
"Song 4415","Artist 48","Jazz",2023,100,0.89,0.85,-10.95,0.45,0.53,0.81,144.9,3.36
"Song 4416","Artist 77","R&B",2016,22,0.5,0.26,-10.8,0.26,0.67,0.09,88.58,2.91
"Song 4417","Artist 2","Classical",2025,56,0.34,0.36,-7.6,0.71,0.46,0.56,70.52,4.71
"Song 4418","Artist 86","Country",2018,69,0.84,0.31,-14.92,0.41,0.35,0.92,139.14,4.55
"Song 4419","Artist 77","Pop",2018,84,0.86,0.66,-5.78,0.11,0.21,0.11,106.24,4.97
"Song 4420","Artist 58","Metal",2018,29,0.93,0.89,-3.87,0.74,0.1,0.68,123.17,4.12
"Song 4421","Artist 80","R&B",2018,67,0.98,0.57,-4.93,0.41,0.59,0.95,81.22,4.09
"Song 4422","Artist 39","Jazz",2015,44,0.6,0.26,-7.94,0.85,0.77,0.69,163.05,5.69
"Song 4423","Artist 93","Classical",2018,69,0.9,0.82,-12.39,0.41,0.7,0.16,179.92,4.03
"Song 4424","Artist 65","Country",2020,31,0.23,0.28,-11.4,0.36,0.98,0.17,147.95,5.2
"Song 4425","Artist 14","Country",2025,55,0.49,0.6,-3.03,0.8,0.62,0.95,98.3,5.31
"Song 4426","Artist 55","Rock",2015,51,0.58,0.72,-6.68,0.76,0.71,0.76,112.39,2.98
"Song 4427","Artist 60","Pop",2016,71,0.95,0.99,-10.17,0.76,0.86,0.44,116.3,4.19
"Song 4428","Artist 97","Hip-Hop",2024,49,0.68,0.43,-11.67,0.84,0.03,0.19,88.58,2.35
"Song 4429","Artist 98","Hip-Hop",2017,78,0.22,0.55,-14.09,0.74,0.87,0.23,78.48,3.66
"Song 4430","Artist 77","Country",2022,65,0.4,0.33,-7.92,0.4,0.78,0.74,87.95,3.06
"Song 4431","Artist 45","Rock",2018,73,0.68,0.72,-3.38,0.33,0.36,0.29,104.45,3.68
"Song 4432","Artist 67","Country",2015,91,0.38,0.32,-13.1,0.58,0.44,0.65,100.96,2.41
"Song 4433","Artist 27","Electronic",2015,98,0.35,0.62,-11.6,0.47,0.19,0.71,136.86,3.23
"Song 4434","Artist 24","Jazz",2017,33,0.39,0.45,-3.36,0.32,0.02,0.67,108.87,4.7
"Song 4435","Artist 17","Jazz",2024,62,0.81,0.95,-13.74,0.36,0.09,0.34,116.61,2.47
"Song 4436","Artist 19","Country",2020,29,0.98,0.86,-10.22,0.39,0.06,0.72,139.4,2.15
"Song 4437","Artist 25","Jazz",2025,100,0.41,0.2,-14.33,0.82,0.28,0.03,168.9,4.47
"Song 4438","Artist 20","Indie",2020,53,0.95,0.5,-9.36,0.76,0.21,0.52,157.88,3.42
"Song 4439","Artist 52","Metal",2024,81,0.43,0.64,-12.23,0.85,0.99,0.71,93.63,5.66
"Song 4440","Artist 35","Indie",2023,96,0.5,0.82,-5.79,0.45,0.23,0.52,113.65,4.31
"Song 4441","Artist 78","Jazz",2022,40,0.61,0.69,-4.62,0.09,0.42,0.76,122.09,5.78
"Song 4442","Artist 11","Metal",2017,95,0.22,0.29,-13.65,0.19,0.34,0.14,105.51,4.38
"Song 4443","Artist 4","Electronic",2024,66,0.97,0.98,-2.91,0.14,0.44,0.77,98.45,2.15
"Song 4444","Artist 60","Country",2022,20,0.36,0.63,-13.22,0.66,0.11,0.53,78.53,2.56
"Song 4445","Artist 85","Electronic",2024,69,0.59,0.37,-8.65,0.87,0.88,0.25,74.91,3.5
"Song 4446","Artist 82","R&B",2018,50,0.41,0.65,-2.31,0.64,0.7,1,94.84,4.66
"Song 4447","Artist 58","Metal",2022,60,0.47,0.45,-3.77,0.08,0.64,0.59,118.59,2.22
"Song 4448","Artist 46","Metal",2023,80,0.32,0.64,-4.55,0.5,0.53,0.11,176.05,4.83
"Song 4449","Artist 22","Pop",2020,56,0.44,0.47,-2.93,0.52,0.11,0.5,76.04,4.63
"Song 4450","Artist 36","Country",2020,62,0.82,0.35,-13.23,1,0.27,0.09,171.08,4.45
"Song 4451","Artist 67","Electronic",2018,45,0.71,0.54,-13.87,0.26,0.6,0,84.93,3.05
"Song 4452","Artist 94","Hip-Hop",2025,20,0.49,0.61,-10.05,0.97,0.91,0.47,179.54,4.92
"Song 4453","Artist 87","Country",2018,98,0.9,0.28,-8.71,0.63,0.57,0.31,81.32,2.65
"Song 4454","Artist 98","Jazz",2019,92,0.74,0.82,-5.05,0.6,0.87,0.18,120.76,3.62
"Song 4455","Artist 64","Rock",2016,25,0.85,0.26,-7.43,0.93,0.44,0.98,145.8,3.38
"Song 4456","Artist 81","R&B",2022,22,0.58,0.59,-11.16,0.59,0.96,0.12,110.16,5.12
"Song 4457","Artist 11","Hip-Hop",2023,89,0.29,0.29,-7.22,0.87,0.7,0.29,161.45,2.27
"Song 4458","Artist 71","Metal",2017,36,0.24,0.73,-7.83,0.44,0.94,0.93,157.18,4.7
"Song 4459","Artist 28","Country",2020,82,0.63,0.64,-5.29,0.55,0.29,0.19,97.9,5.58
"Song 4460","Artist 53","Jazz",2020,96,0.7,0.81,-9.12,0.02,0.08,0.45,170.09,2.09
"Song 4461","Artist 34","Hip-Hop",2019,52,0.64,0.59,-7.62,0.27,0.62,0.57,142.46,4.11
"Song 4462","Artist 53","R&B",2021,99,0.55,0.93,-5.57,0.4,0.99,0.07,153.05,2.74
"Song 4463","Artist 70","Classical",2025,54,0.77,0.68,-13.45,0.38,0.99,0.68,101.91,2.2
"Song 4464","Artist 54","Jazz",2022,84,0.33,0.58,-2.37,0.25,0.34,0.02,110.36,2.86
"Song 4465","Artist 76","Classical",2019,27,0.85,0.58,-6.1,0.7,0.93,0.99,177.14,3.2
"Song 4466","Artist 13","Country",2015,46,0.35,0.28,-8.69,0.7,0.3,0.74,84.64,2.52
"Song 4467","Artist 12","R&B",2023,26,0.23,0.39,-7.39,0.65,0.29,0.68,150.36,2.8
"Song 4468","Artist 13","Pop",2025,86,0.63,0.84,-2.2,0.25,0.44,0.51,142.48,3.3
"Song 4469","Artist 65","Metal",2023,67,0.37,0.59,-6.84,0.88,0.21,0.63,165.37,3.16
"Song 4470","Artist 40","Metal",2023,80,0.21,0.94,-14.89,0.24,0.14,0.62,100.64,2.04
"Song 4471","Artist 40","Country",2018,52,0.93,0.27,-6.79,0.12,0.52,0.32,167.85,3.35
"Song 4472","Artist 100","Jazz",2024,64,0.27,0.6,-8.27,0.09,0.39,0.45,75.85,4.75
"Song 4473","Artist 89","R&B",2017,46,0.41,0.91,-4.43,0.82,0.6,0.23,75.55,3.53
"Song 4474","Artist 96","Classical",2020,24,0.56,0.34,-11.71,0.12,0.77,0.54,136.07,4.01
"Song 4475","Artist 73","Hip-Hop",2016,21,0.74,0.42,-5.27,0.15,0.45,0.92,179.09,4.64
"Song 4476","Artist 68","Hip-Hop",2025,40,0.43,0.27,-14.97,0.68,0.89,0.3,160.11,2.33
"Song 4477","Artist 97","Classical",2020,69,0.28,0.34,-6.27,0.68,0.87,0.12,110.78,2.7
"Song 4478","Artist 47","Indie",2018,70,0.4,0.37,-8.18,0.05,0.2,0.22,172.07,4.44
"Song 4479","Artist 48","Electronic",2024,39,0.46,0.86,-11.25,0.92,0.07,0.24,92.13,3.51
"Song 4480","Artist 51","Rock",2022,99,0.87,0.64,-6.02,0.7,0.91,0.39,125.59,3.57
"Song 4481","Artist 45","Rock",2021,66,0.98,0.49,-9.46,0.51,0.08,0.04,76.43,3.75
"Song 4482","Artist 22","Electronic",2022,48,0.58,0.65,-6.91,0.71,0.61,0.15,105.99,4.31
"Song 4483","Artist 69","Rock",2016,56,0.62,0.42,-10.14,0.09,0.91,0.69,87.66,5.37
"Song 4484","Artist 63","Indie",2020,41,0.75,0.68,-4.39,0.92,0.53,0.74,155.88,5.86
"Song 4485","Artist 62","Rock",2023,75,0.21,0.35,-13.15,0.61,0.01,0.21,175.09,3.2
"Song 4486","Artist 11","Electronic",2025,70,0.24,0.54,-7.35,0.33,0.47,0.64,123.43,4.33
"Song 4487","Artist 89","Rock",2021,42,0.99,0.96,-11.52,0.05,0.58,0.35,98.74,2.73
"Song 4488","Artist 27","Electronic",2025,22,0.85,0.41,-11,0.91,0.57,0.59,151.83,3.59
"Song 4489","Artist 80","Metal",2025,41,0.77,0.72,-11.36,0.86,0.66,0.84,176.36,5.09
"Song 4490","Artist 44","Hip-Hop",2017,51,0.52,0.27,-6.13,0.58,0.81,0.06,74.27,5.24
"Song 4491","Artist 90","Hip-Hop",2022,34,0.97,0.98,-3.37,0.98,0.72,0.32,99.31,4.51
"Song 4492","Artist 47","Jazz",2021,25,0.44,0.85,-13.5,0.58,0.08,0.26,87.48,3.68
"Song 4493","Artist 76","Rock",2017,40,0.63,0.22,-13.54,0.31,0.93,0.25,155.64,4.98
"Song 4494","Artist 51","Indie",2020,77,0.45,0.71,-11.85,0.36,0.64,0.84,74.81,5.18
"Song 4495","Artist 35","Rock",2018,73,0.35,0.55,-9.39,0.59,0.47,0.65,124.48,3.47
"Song 4496","Artist 87","Electronic",2023,73,0.79,0.26,-13.09,0.79,0.96,0.35,80.42,4.95
"Song 4497","Artist 56","R&B",2016,42,0.26,0.77,-10.82,0.98,0.22,0.23,143.07,4.12
"Song 4498","Artist 100","Metal",2017,91,0.24,0.64,-8.85,0.53,0.96,0.76,140.38,3.07
"Song 4499","Artist 61","Electronic",2018,69,0.32,0.42,-9.25,1,0.31,0.92,122.25,3.54
"Song 4500","Artist 39","Rock",2025,33,0.21,0.58,-5.72,0.01,0.13,0.19,165.22,2.41
"Song 4501","Artist 63","Indie",2021,59,0.67,0.77,-12.85,0.41,0.72,0.84,157.17,4.63
"Song 4502","Artist 69","Metal",2021,58,0.23,0.87,-14.93,0.93,0.37,0.59,86.67,3.48
"Song 4503","Artist 17","Hip-Hop",2022,88,0.84,0.69,-8.48,0.79,0.41,0.94,166.62,2.79
"Song 4504","Artist 97","Jazz",2021,34,0.9,0.26,-11.51,0.98,0.4,0.61,96.26,4.32
"Song 4505","Artist 36","Pop",2018,100,0.61,0.37,-6.12,0.84,1,0.66,91.73,4.26
"Song 4506","Artist 81","Electronic",2019,47,0.68,0.24,-11.5,0.09,0.76,0.79,175.62,3.84
"Song 4507","Artist 18","Pop",2020,95,0.46,0.45,-11.84,0.35,0.5,0.71,103.58,5.97
"Song 4508","Artist 20","Classical",2017,32,0.87,0.56,-14.92,0.4,0.82,0.59,165.63,4.64
"Song 4509","Artist 73","Classical",2019,63,0.83,0.48,-6.02,0.65,0.62,0.06,97.48,2.95
"Song 4510","Artist 63","Classical",2019,27,0.74,0.84,-5.07,0.39,0.83,0.63,94,5.68
"Song 4511","Artist 2","Rock",2021,79,0.3,0.54,-10.51,0.95,0.7,0.62,162.18,3.83
"Song 4512","Artist 90","Indie",2021,46,0.99,0.58,-6.19,0.19,0.84,0.65,146.46,5.86
"Song 4513","Artist 3","Country",2019,96,0.64,0.9,-13.41,0.46,0.55,0.41,154.33,5.64
"Song 4514","Artist 69","Rock",2015,45,0.82,0.28,-5.52,0.06,0.89,0.8,118,4.03
"Song 4515","Artist 22","Metal",2019,90,0.37,0.39,-11.45,0.65,0.42,0.09,164.29,2.02
"Song 4516","Artist 60","Electronic",2020,52,0.6,0.82,-6.47,0.38,0.05,0.12,105.6,4.93
"Song 4517","Artist 59","Metal",2024,54,0.79,0.92,-2.67,0.16,0.35,0.19,82.93,3.07
"Song 4518","Artist 32","Jazz",2016,43,0.58,1,-7.68,0.07,0.82,0.46,117.42,5.3
"Song 4519","Artist 90","Rock",2024,83,0.63,0.78,-4.92,0.68,0.14,0.68,145.99,4.13
"Song 4520","Artist 1","Metal",2016,84,0.63,0.29,-10.64,0.93,0.46,0.33,167.27,3.19
"Song 4521","Artist 70","Electronic",2023,73,0.79,0.53,-14.3,0.98,0.84,0.91,141.66,3.12
"Song 4522","Artist 9","Jazz",2018,70,0.93,0.77,-2.49,0.08,0.34,0.91,75.09,5.65
"Song 4523","Artist 21","Rock",2024,24,0.31,0.22,-6.76,0.45,0.83,0.56,139.64,3.75
"Song 4524","Artist 86","Jazz",2025,71,0.97,0.71,-12.81,0.26,0.95,0.68,81,2.58
"Song 4525","Artist 82","Electronic",2025,89,0.7,0.61,-3.88,0.85,0.81,0.71,116.61,5.93
"Song 4526","Artist 25","Jazz",2019,95,0.95,0.26,-10.95,0.49,0.15,0.91,131.92,5.32
"Song 4527","Artist 11","Electronic",2019,85,0.62,0.91,-2.83,0.09,0.66,0.74,130.12,3.46
"Song 4528","Artist 84","Electronic",2020,34,0.61,0.95,-3.43,0.93,0.08,0.4,70.05,5.9
"Song 4529","Artist 60","Rock",2020,65,0.35,0.98,-6.99,0.32,0.51,0.65,129.82,5.33
"Song 4530","Artist 91","Pop",2017,64,0.23,0.47,-3.99,0.19,0.85,0.03,97.4,4.32
"Song 4531","Artist 9","Country",2023,97,0.25,0.48,-4.94,0.48,0.46,0.37,94.87,5.06
"Song 4532","Artist 37","R&B",2019,97,0.25,0.23,-6.79,0.18,0.79,0.31,73.17,5.82
"Song 4533","Artist 10","Electronic",2017,24,0.65,0.62,-9.48,0.14,0.25,0.62,178.02,2.17
"Song 4534","Artist 52","Classical",2016,85,0.33,0.38,-6.28,0.4,0.43,0.71,134.92,3.34
"Song 4535","Artist 36","Pop",2015,45,0.96,0.52,-14.45,0.3,0.63,0.91,70.51,3.77
"Song 4536","Artist 82","Electronic",2020,64,0.52,0.32,-13.78,0.85,0.66,0.82,157.87,2.35
"Song 4537","Artist 99","Pop",2022,36,0.29,0.74,-2.61,0.76,0.26,0.59,119.05,2.8
"Song 4538","Artist 84","Country",2019,21,0.36,0.9,-5.77,0.15,0.41,0.34,117.79,5.2
"Song 4539","Artist 75","Classical",2017,87,0.51,0.84,-9.92,0.8,0.78,0.67,84.63,5.53
"Song 4540","Artist 27","Pop",2019,89,0.28,0.22,-7.5,0.52,0.37,0.12,98.74,5.56
"Song 4541","Artist 99","Pop",2022,59,0.76,0.9,-5.41,0.21,0.06,0.77,82.18,5.84
"Song 4542","Artist 81","Classical",2021,80,0.54,0.79,-10.3,0.21,0.48,0.51,150.68,4.21
"Song 4543","Artist 34","Pop",2021,29,0.2,0.45,-10.69,0.11,0.82,0,121.09,4.25
"Song 4544","Artist 19","Country",2025,26,0.33,0.91,-10.5,0.48,0.37,0.19,81.24,3.71
"Song 4545","Artist 87","Hip-Hop",2019,59,0.61,0.6,-3.31,0.86,0.44,0.41,170.64,4.62
"Song 4546","Artist 35","Classical",2016,76,0.47,0.95,-4.76,0.52,0.76,0.24,111.85,5.18
"Song 4547","Artist 51","Hip-Hop",2017,96,0.95,0.3,-8.41,0.78,0.2,0.08,101.17,3.33
"Song 4548","Artist 29","Metal",2023,63,0.99,0.3,-12.64,0.53,0.88,0.86,127.17,5.96
"Song 4549","Artist 92","Classical",2016,62,0.26,0.65,-4.03,0.75,0.82,0.69,80.88,5.51
"Song 4550","Artist 55","Metal",2018,69,0.26,0.97,-7.27,0.88,0.65,0.03,156.16,4.06
"Song 4551","Artist 42","Indie",2024,92,0.95,0.94,-14.31,0.84,0.22,0.47,131.44,5.93
"Song 4552","Artist 52","R&B",2016,98,0.3,0.95,-13.77,0.67,0.28,0.62,91.06,2.39
"Song 4553","Artist 56","Hip-Hop",2019,66,0.26,0.33,-11.92,0.24,0.13,0.72,90.49,5.9
"Song 4554","Artist 77","R&B",2018,58,0.98,0.9,-14.86,0.01,0.15,0.16,111.59,2.02
"Song 4555","Artist 82","Rock",2018,84,0.75,0.56,-4.73,0.47,0.04,0.37,175.13,2.4
"Song 4556","Artist 20","Rock",2016,31,0.45,0.82,-6.55,0.6,0.52,0.26,174.37,3.02
"Song 4557","Artist 47","Jazz",2019,58,0.43,0.59,-8.65,0.32,0.6,0.75,178.17,2.04
"Song 4558","Artist 26","Pop",2019,74,0.42,0.24,-5.68,0.09,0.37,0.71,178.42,4.16
"Song 4559","Artist 98","Classical",2020,28,0.97,0.26,-11.72,0.31,0.77,0.58,103.74,5.2
"Song 4560","Artist 99","Metal",2021,66,0.5,0.49,-9.27,0.72,0.28,0.79,165.88,5.26
"Song 4561","Artist 38","R&B",2022,68,0.56,0.61,-5.89,0.11,0.56,0.29,151.02,4.24
"Song 4562","Artist 6","Electronic",2018,63,0.22,0.68,-4.78,0.79,0.66,0.58,105.71,4.42
"Song 4563","Artist 91","Electronic",2017,73,1,0.73,-6.92,0.49,0.27,0.13,145.81,2.1
"Song 4564","Artist 73","Country",2022,81,0.99,0.95,-6.76,0.83,0.4,0.95,106.65,2.88
"Song 4565","Artist 14","R&B",2023,59,0.3,0.78,-5.42,0.76,0.67,0.26,83.78,5.88
"Song 4566","Artist 18","R&B",2016,83,0.42,0.6,-7.99,0.05,0.32,0.06,73.65,5.86
"Song 4567","Artist 3","Jazz",2021,92,0.77,0.7,-9.74,0.65,0.02,0.98,120.09,4.54
"Song 4568","Artist 85","Hip-Hop",2015,46,0.61,0.68,-10.63,0.4,0.85,0.41,159.09,4.03
"Song 4569","Artist 68","Hip-Hop",2017,36,0.99,0.24,-7,0.91,0.34,0.87,154.46,5.98
"Song 4570","Artist 95","Classical",2015,68,0.45,0.44,-11.66,0.86,0.54,0.97,123.16,3.99
"Song 4571","Artist 17","Metal",2019,34,0.38,0.85,-3.21,0.55,0.44,0.87,154.77,4.74
"Song 4572","Artist 64","Country",2020,23,0.84,0.84,-4.42,0.49,0.6,0.51,117.55,3.9
"Song 4573","Artist 16","R&B",2022,53,0.63,0.91,-5.25,0.97,0.15,0.42,135.97,5.82
"Song 4574","Artist 44","Jazz",2023,52,0.59,0.74,-14.13,0.93,0.72,0.89,166.77,4.29
"Song 4575","Artist 22","Indie",2017,61,0.69,0.74,-2.12,0.45,0.75,0.42,127.36,4.85
"Song 4576","Artist 31","Metal",2017,71,0.92,0.49,-11.24,0.94,0.46,0.86,106.47,4.54
"Song 4577","Artist 83","Country",2017,54,0.78,0.92,-14.95,0.52,0.25,0.4,134.91,2.18
"Song 4578","Artist 43","Rock",2015,43,1,0.52,-14.42,0.81,0.06,0.99,123.47,5.9
"Song 4579","Artist 43","Metal",2024,53,0.94,0.47,-10.67,0.87,0.88,0.92,111.59,5.98
"Song 4580","Artist 81","Hip-Hop",2020,79,0.31,1,-8.96,0.79,0.34,0.26,155.27,3.71
"Song 4581","Artist 95","Rock",2016,95,0.59,0.68,-4.78,0.31,0.47,0.88,155.53,4.66
"Song 4582","Artist 35","Pop",2025,20,0.61,0.6,-5.11,0.37,0.96,0.8,137.93,3.05
"Song 4583","Artist 25","Metal",2022,75,0.25,0.6,-3.72,0.35,0.61,0.45,109.29,5.31
"Song 4584","Artist 78","Indie",2024,63,0.45,0.38,-6.66,0.72,0.98,0.61,159.05,5.54
"Song 4585","Artist 15","Classical",2016,59,0.37,0.77,-14.43,0.66,0.51,0.93,96.31,4.23
"Song 4586","Artist 23","Indie",2018,48,0.57,0.57,-12.19,0.71,0.14,0.44,119.05,3.59
"Song 4587","Artist 34","Country",2022,35,0.36,0.78,-5.52,0.98,0.44,0.27,153.12,4.77
"Song 4588","Artist 74","Rock",2024,26,0.53,0.46,-6.76,0.42,0.82,0.19,114.05,3.45
"Song 4589","Artist 74","Hip-Hop",2018,95,0.57,0.72,-9.34,0.12,0.19,0.08,91.59,3.34
"Song 4590","Artist 56","Country",2025,48,0.96,0.5,-5.1,0.26,0.46,0.46,109.45,4.93
"Song 4591","Artist 82","Hip-Hop",2016,64,0.29,0.91,-3.68,0.11,0.63,0.55,179.5,2.37
"Song 4592","Artist 43","Metal",2025,47,0.98,0.39,-9.9,0.05,0.69,0.27,161.43,2.76
"Song 4593","Artist 5","Hip-Hop",2022,57,0.41,0.81,-6.77,0.11,0.82,0.48,84.15,3.94
"Song 4594","Artist 37","Indie",2025,56,0.81,0.24,-4.68,0.23,0.32,0.91,106.33,4.2
"Song 4595","Artist 73","Pop",2025,24,0.89,0.63,-12.16,0.73,0.3,0.2,79.04,2.13
"Song 4596","Artist 29","Pop",2018,81,0.71,0.95,-10.23,0.15,0.49,0.31,128.35,4.51
"Song 4597","Artist 3","Hip-Hop",2024,69,0.64,0.32,-11.02,0.45,0.9,0.82,143.31,2.95
"Song 4598","Artist 43","Jazz",2021,34,0.37,0.89,-12.29,0.04,0.77,0.1,84.86,4.74
"Song 4599","Artist 26","Rock",2016,57,0.97,0.65,-11.41,0.45,0.3,0.71,98.48,5.71
"Song 4600","Artist 92","R&B",2021,37,0.77,0.82,-6.85,0.13,0.39,0.59,123.28,4.52
"Song 4601","Artist 78","Jazz",2025,71,0.6,0.99,-7.51,0.72,0.07,0.43,139.85,3.1
"Song 4602","Artist 12","Hip-Hop",2022,83,0.53,0.76,-13.69,0.36,0.17,0.28,129.59,2.69
"Song 4603","Artist 14","Rock",2021,92,0.21,0.22,-12.21,0.43,0.19,0.52,149.39,4.98
"Song 4604","Artist 21","Pop",2020,100,0.36,0.47,-11.7,0.29,0.59,0.16,120.22,3.36
"Song 4605","Artist 74","Electronic",2023,20,0.85,0.34,-9.18,0.77,0.79,0.94,114.19,3.17
"Song 4606","Artist 21","Classical",2023,62,0.32,0.44,-13.73,0.82,0.42,0.45,139.18,3.5
"Song 4607","Artist 69","Indie",2015,77,0.94,0.41,-13.69,0.83,0.15,0.63,167.05,4.41
"Song 4608","Artist 88","Pop",2019,27,0.81,0.26,-14.99,0.85,0.28,0.28,120.26,3.44
"Song 4609","Artist 82","R&B",2023,24,0.42,0.81,-3.43,0.64,0.79,0.84,128.56,2.05
"Song 4610","Artist 74","Pop",2022,39,0.51,0.97,-7.77,0.1,0.48,0.77,121.98,4.06
"Song 4611","Artist 8","Electronic",2018,95,0.36,0.8,-2.06,0.42,0.19,0.39,155.93,4.37
"Song 4612","Artist 32","Hip-Hop",2019,73,0.3,0.96,-13.89,0.37,0.66,0.18,161.67,5.5
"Song 4613","Artist 73","Pop",2021,60,0.65,0.96,-14.19,0.4,0.77,0.07,131.91,3.95
"Song 4614","Artist 69","Jazz",2020,93,0.41,0.36,-11.97,0.69,0.99,0.65,82.85,5.73
"Song 4615","Artist 61","Country",2018,64,0.8,0.41,-13.54,0.65,0.89,0.34,178.79,5.99
"Song 4616","Artist 40","Pop",2020,47,0.93,0.68,-8.85,0.89,0.02,0.13,142.46,4.95
"Song 4617","Artist 90","Hip-Hop",2020,60,0.36,0.63,-10.88,0.47,0.59,0.91,81.13,3.21
"Song 4618","Artist 65","Metal",2021,93,0.22,0.36,-5.95,0.24,0.71,0.08,145.38,3.94
"Song 4619","Artist 50","Hip-Hop",2022,48,0.86,0.45,-13.26,0.48,0.9,0.9,74.27,4.59
"Song 4620","Artist 44","Jazz",2019,35,0.8,0.25,-4.74,0.62,0.12,0.17,141.55,4.51
"Song 4621","Artist 42","Hip-Hop",2017,55,0.86,0.8,-8.99,0.81,0.58,0.83,121.73,4.94
"Song 4622","Artist 16","Classical",2018,99,0.9,0.59,-7.78,0.35,0.46,0.09,151.04,5.72
"Song 4623","Artist 96","Rock",2022,88,0.76,0.49,-11.39,0.67,0.28,0.36,129.88,4.09
"Song 4624","Artist 63","Hip-Hop",2024,45,0.9,0.4,-9.98,0.18,0.95,0.46,89.82,2.56
"Song 4625","Artist 65","Hip-Hop",2021,81,0.29,0.81,-12.42,0.33,0.09,0.64,121.23,3.97
"Song 4626","Artist 77","Country",2024,94,0.79,0.65,-10.48,0.6,0.16,0.18,101.71,3.78
"Song 4627","Artist 19","Jazz",2025,94,0.49,0.26,-2.35,0.62,0.43,0.39,88.84,4.95
"Song 4628","Artist 83","Rock",2019,82,0.24,0.52,-9.05,0.84,0.07,0.44,112.05,2.61
"Song 4629","Artist 51","Electronic",2019,98,0.6,0.42,-4.45,0.81,0.07,0.34,157.64,2.93
"Song 4630","Artist 28","Pop",2019,58,0.55,0.8,-11.51,0.19,0.2,0.91,172.81,5.45
"Song 4631","Artist 90","Electronic",2024,97,0.8,0.56,-5.24,0.82,0.45,0.19,129.09,2.61
"Song 4632","Artist 86","Rock",2017,64,0.26,0.69,-7.35,0.65,0.58,0.16,100.3,3.39
"Song 4633","Artist 98","Classical",2020,75,0.38,0.2,-4.81,0.44,0.93,0.87,88.18,5.34
"Song 4634","Artist 45","Pop",2017,33,0.41,0.92,-9.67,0.86,0.99,0.61,77.89,4.96
"Song 4635","Artist 12","Pop",2018,60,0.61,0.43,-7.66,0.61,0.94,0.07,94.38,5.5
"Song 4636","Artist 45","Metal",2019,60,0.65,0.35,-3.33,0.11,0.68,0.5,75.4,2.16
"Song 4637","Artist 26","Rock",2018,43,0.37,0.8,-9.95,0.17,0.66,0.53,141.56,5.09
"Song 4638","Artist 40","Metal",2017,90,0.71,0.36,-12.73,0.69,0.02,0.11,132.42,4.66
"Song 4639","Artist 45","Country",2022,73,0.86,0.32,-10.96,0.07,0.74,0.59,134.25,5.07
"Song 4640","Artist 89","Electronic",2016,23,0.9,0.58,-14.44,0.25,0.16,0.29,125.25,5.57
"Song 4641","Artist 29","R&B",2025,50,0.67,0.43,-3.12,0.94,0.5,0,99.95,2.96
"Song 4642","Artist 82","Country",2019,38,0.63,0.91,-2.2,0.04,0.72,0.19,75.41,3.47
"Song 4643","Artist 15","Country",2025,54,0.45,0.89,-7.96,0.61,0.23,0.82,83.13,3.6
"Song 4644","Artist 3","Electronic",2017,22,0.58,0.33,-13.63,0.78,0.26,0.28,100.82,3.85
"Song 4645","Artist 72","Hip-Hop",2021,67,0.64,0.83,-10.86,0.72,0.07,0.06,120.63,2.76
"Song 4646","Artist 57","Metal",2024,62,0.55,0.74,-7.75,0.66,0.23,0.6,160.58,4.78
"Song 4647","Artist 4","Classical",2022,87,0.67,0.72,-5.3,0.67,0.24,0.86,178.19,4.12
"Song 4648","Artist 54","Classical",2016,51,0.59,0.32,-11.3,0.16,0.04,0.7,106.19,2.26
"Song 4649","Artist 7","Classical",2018,77,0.69,0.8,-7.38,0.92,0.71,0.66,79.59,5.47
"Song 4650","Artist 59","Pop",2019,69,0.32,0.86,-2.8,0.44,0.17,0.36,164.29,4.22
"Song 4651","Artist 42","Pop",2015,33,0.29,0.69,-11.46,0.63,0.4,0.07,83.41,4.2
"Song 4652","Artist 96","Country",2021,69,0.21,0.42,-3.48,0.5,0.55,0.44,96.01,5.54
"Song 4653","Artist 67","R&B",2025,90,0.51,0.24,-4.53,0.91,0.36,0.58,142.83,4.95
"Song 4654","Artist 11","Hip-Hop",2025,83,0.25,0.59,-12.55,0.15,0.56,0.08,155.94,5.28
"Song 4655","Artist 73","Metal",2021,20,0.76,0.94,-4.28,0.94,0.02,0.64,144.64,3.63
"Song 4656","Artist 3","Hip-Hop",2023,31,0.85,0.98,-13.71,0.81,0.55,0.89,158.03,5.56
"Song 4657","Artist 50","Pop",2016,89,0.51,0.87,-7.01,0.42,0.48,0.43,161.15,2.84
"Song 4658","Artist 70","Country",2019,69,0.98,0.67,-13.79,0.21,0.22,0.28,102.23,3.68
"Song 4659","Artist 81","Hip-Hop",2025,77,0.81,0.25,-3.42,0.2,0.32,0.7,85.17,3.33
"Song 4660","Artist 47","Indie",2025,44,0.41,0.29,-3.84,0.82,0.49,0.9,92.93,5.62
"Song 4661","Artist 66","Hip-Hop",2018,95,0.69,0.79,-6.61,0.64,0.93,0.24,176.05,5.97
"Song 4662","Artist 75","Electronic",2021,21,0.46,0.8,-14.48,0.87,0.91,0.9,93.05,5.16
"Song 4663","Artist 49","Indie",2023,82,0.42,0.22,-10.34,0.54,0.73,0.31,177.12,2.41
"Song 4664","Artist 99","Hip-Hop",2015,51,0.53,0.55,-3.62,0.04,0.32,0.65,100.08,5.69
"Song 4665","Artist 39","R&B",2022,32,0.33,0.49,-11.47,0.91,0.07,0.47,138.14,4.15
"Song 4666","Artist 47","R&B",2021,63,0.81,0.55,-10.18,0.57,0.35,0.62,127.94,5.44
"Song 4667","Artist 98","Hip-Hop",2015,72,0.82,0.53,-2.91,0.77,0.33,0.35,136.5,3.79
"Song 4668","Artist 34","Electronic",2024,94,0.33,0.31,-11.77,0.22,0.14,0.69,85.81,4.84
"Song 4669","Artist 98","R&B",2025,37,0.69,0.2,-14.61,0.79,0.11,0.5,144.96,3.11
"Song 4670","Artist 59","Electronic",2023,72,0.37,0.22,-7.81,0.81,0.15,0.81,152.47,2.4
"Song 4671","Artist 28","Pop",2022,59,0.92,0.49,-13.55,0.63,0.8,0.57,87.28,4.73
"Song 4672","Artist 56","R&B",2023,82,0.49,0.25,-14.5,0.75,0.59,0.23,118.58,2.4
"Song 4673","Artist 9","Pop",2022,81,0.35,0.94,-5.31,0.63,0.39,0.21,99.34,3.03
"Song 4674","Artist 57","Rock",2017,73,0.81,0.81,-12.5,0.65,0.14,0.89,108.29,2.16
"Song 4675","Artist 70","Jazz",2020,69,0.22,0.89,-4.66,0.01,0.9,0.59,163.47,5.87
"Song 4676","Artist 4","R&B",2021,32,0.92,0.76,-8.14,0.06,0.33,0.72,169.01,4.2
"Song 4677","Artist 79","Electronic",2022,39,0.72,0.61,-12.35,0.35,0.15,0.42,143.51,5.12
"Song 4678","Artist 51","Rock",2019,99,0.6,0.46,-10.46,0.9,0.89,0.8,93,2.81
"Song 4679","Artist 95","Indie",2018,57,0.87,1,-7.1,0.49,0.89,0.05,71.23,2.92
"Song 4680","Artist 10","Metal",2023,20,0.75,0.28,-6.82,0.43,0.88,0.26,124.68,5.89
"Song 4681","Artist 83","Electronic",2020,40,0.57,0.63,-5.34,0.44,0.14,0.06,122.64,4.88
"Song 4682","Artist 72","Indie",2018,55,0.29,0.51,-3.9,0.85,0.61,0.61,95.84,2.25
"Song 4683","Artist 47","R&B",2021,31,0.36,0.7,-2.56,0.22,0.37,0.26,84.29,3.76
"Song 4684","Artist 3","Pop",2016,44,0.38,0.3,-3.7,0.38,0.56,0.44,163.75,4.62
"Song 4685","Artist 7","Metal",2021,58,0.78,0.5,-7.86,0.92,0.72,0.23,109.4,4.86
"Song 4686","Artist 41","Classical",2018,79,0.26,0.5,-9.96,0.46,0.13,0.58,148.31,2.14
"Song 4687","Artist 67","Pop",2021,41,0.33,0.51,-13.73,0,0.38,0.61,93.17,3.67
"Song 4688","Artist 4","Metal",2016,77,0.3,0.2,-4.94,0.16,0.87,0.87,85.34,3.97
"Song 4689","Artist 51","Rock",2015,40,0.85,0.79,-9.43,0.83,0.97,0.87,107.01,5.21
"Song 4690","Artist 13","Rock",2018,70,0.26,0.95,-7.77,0.06,0.08,0.13,153.09,3.96
"Song 4691","Artist 39","Metal",2024,30,0.46,0.88,-7.01,0.32,0.68,0.44,105.06,2.57
"Song 4692","Artist 12","Hip-Hop",2025,89,0.87,0.65,-5.74,0.16,0.86,0.81,87.58,4.81
"Song 4693","Artist 7","Metal",2022,51,0.27,0.54,-7.34,0.5,0.33,0.31,101.72,2.32
"Song 4694","Artist 13","Jazz",2023,48,0.46,0.97,-6.85,0.78,0.16,0.81,74.95,5.22
"Song 4695","Artist 7","Jazz",2021,61,0.29,0.93,-14.58,0.18,0.51,0.21,88.16,5.92
"Song 4696","Artist 48","Country",2017,78,0.71,0.76,-11.47,0.18,0.1,0.03,152.27,2.94
"Song 4697","Artist 70","Pop",2018,81,0.44,0.33,-5.72,0.64,0.15,0.77,156.88,3.35
"Song 4698","Artist 72","Pop",2017,45,0.73,0.39,-3.95,0.56,0.77,0.71,75.37,5.86
"Song 4699","Artist 53","Hip-Hop",2017,33,0.66,0.57,-12.71,0.17,0.11,0.57,107.83,3.19
"Song 4700","Artist 60","Rock",2021,53,0.28,0.4,-13.49,0.75,0.29,0.91,105.08,2.32
"Song 4701","Artist 30","Pop",2023,75,0.8,0.36,-9,0.03,0.49,0.14,176.06,2.51
"Song 4702","Artist 96","R&B",2025,69,0.68,0.75,-11.59,0.03,0.23,0.66,160.32,4.89
"Song 4703","Artist 100","Electronic",2021,65,0.33,0.77,-11.53,0.72,0.49,0.69,77.93,5.55
"Song 4704","Artist 4","Pop",2020,49,0.9,0.76,-7.33,0.1,0.61,0.57,126.97,2.13
"Song 4705","Artist 41","Classical",2022,78,0.3,0.85,-6.96,0.83,0.99,0.1,73.4,2.12
"Song 4706","Artist 50","Jazz",2017,27,0.53,0.88,-3.46,0.13,0.35,0.5,146,2.37
"Song 4707","Artist 78","Electronic",2015,64,0.7,0.27,-9.74,1,0.71,0.04,122.82,5.81
"Song 4708","Artist 98","Jazz",2022,66,0.57,0.22,-8.38,0.13,0.16,0.37,159.55,4.67
"Song 4709","Artist 47","Country",2016,59,0.41,0.43,-9.36,0.29,0.67,0.38,109.42,3.81
"Song 4710","Artist 7","Metal",2023,66,0.59,0.87,-10.05,0.89,0.09,0.91,157.61,2.82
"Song 4711","Artist 76","Pop",2022,82,0.74,0.44,-7.51,0.67,0.77,0.6,98.33,5.25
"Song 4712","Artist 67","R&B",2021,77,0.48,0.33,-14.07,0.33,0.27,0.21,164.44,3.78
"Song 4713","Artist 28","Hip-Hop",2018,97,0.86,0.59,-7.27,0.88,0.98,0.46,169.32,3.8
"Song 4714","Artist 33","R&B",2022,49,0.53,0.25,-6.07,0.9,0.75,0.99,83.21,3.03
"Song 4715","Artist 91","Rock",2018,88,0.3,0.34,-6.73,0.98,0.12,0.28,111.51,4.55
"Song 4716","Artist 31","Jazz",2020,21,0.71,0.85,-6.61,0.1,0.8,0.58,129.23,3.79
"Song 4717","Artist 44","Pop",2019,86,0.27,0.56,-5.36,0.3,0.53,0.13,117.08,5.75
"Song 4718","Artist 100","Hip-Hop",2016,94,0.67,0.68,-11.83,0.04,0.74,0.55,98.32,2.18
"Song 4719","Artist 41","R&B",2023,45,0.7,0.96,-10.39,0.23,0.37,0.07,111.84,3.18
"Song 4720","Artist 65","Classical",2023,62,0.4,0.59,-14.59,0.67,0.53,0.31,158.87,2.67
"Song 4721","Artist 50","Electronic",2018,88,0.41,0.95,-3.3,0.86,0.32,0.54,104.06,2.64
"Song 4722","Artist 49","Pop",2016,93,0.46,0.66,-11.81,0.78,0.62,0.73,101.92,3.79
"Song 4723","Artist 73","Metal",2015,27,0.76,0.88,-13.63,0.09,0.58,0.98,167.69,5.46
"Song 4724","Artist 59","Classical",2015,27,1,0.21,-14.83,0.06,0.03,0.11,102.4,2.38
"Song 4725","Artist 35","Rock",2025,80,0.84,0.83,-9,0.25,0.48,0.19,143.27,4.38
"Song 4726","Artist 39","Indie",2017,57,0.22,0.5,-3.47,0.21,0.06,0.87,83.41,5.28
"Song 4727","Artist 88","Electronic",2023,42,0.23,0.72,-6.56,0.52,0.92,0.83,126.23,2.36
"Song 4728","Artist 44","Hip-Hop",2016,73,0.86,0.65,-14.43,0.96,0.46,0.24,79.16,5.18
"Song 4729","Artist 100","Indie",2016,65,0.71,0.66,-5.48,0.36,0.3,0.88,82.2,4.18
"Song 4730","Artist 80","Country",2023,93,0.89,0.9,-10.81,0.29,0.49,0.86,85.66,5.61
"Song 4731","Artist 13","Jazz",2020,81,0.22,0.76,-5.56,0.72,0.6,0.48,121.34,3.84
"Song 4732","Artist 38","Jazz",2017,36,0.24,0.34,-3.07,0.6,0.19,0.12,86,2.66
"Song 4733","Artist 17","Classical",2021,76,0.32,0.48,-9.75,0.73,0.25,0.41,146.84,4.65
"Song 4734","Artist 61","Rock",2018,46,0.48,0.62,-3.91,0.37,0.93,0.23,114.86,2.32
"Song 4735","Artist 22","Electronic",2022,76,0.39,0.59,-4.81,0.33,0.73,0.37,163.71,5.56
"Song 4736","Artist 35","Hip-Hop",2023,31,0.28,0.31,-10.11,0.01,0.46,0.04,103.17,3.84
"Song 4737","Artist 51","Pop",2018,84,0.66,0.24,-6.17,0.13,0.08,0.51,122.37,3.49
"Song 4738","Artist 47","Indie",2024,57,0.32,0.53,-10.51,0.44,0.52,0.56,166.87,5.96
"Song 4739","Artist 57","Electronic",2017,26,0.73,0.41,-14.44,0.81,0.57,0.48,147.69,5.48
"Song 4740","Artist 53","Country",2022,32,0.69,0.86,-5.72,0.04,0.58,0.91,141.8,3.52
"Song 4741","Artist 68","Pop",2017,79,0.44,0.94,-2.47,0.43,0.74,0.66,108.91,3.68
"Song 4742","Artist 64","Metal",2025,80,0.79,0.95,-2.43,0.28,0.18,0.57,126.24,4.21
"Song 4743","Artist 3","Indie",2019,36,0.32,0.82,-2.65,0.5,0.26,0.22,150.79,5.41
"Song 4744","Artist 37","Pop",2017,43,0.49,0.21,-4.82,0.69,0.54,0.85,150.01,5.22
"Song 4745","Artist 35","Jazz",2023,22,0.3,0.94,-7.42,0.59,0.93,0.22,91.96,2.27
"Song 4746","Artist 67","Rock",2016,57,0.6,0.43,-9.12,0.34,0.74,0.23,100.25,3.34
"Song 4747","Artist 12","Jazz",2019,38,0.32,0.57,-5.35,0.01,0.44,0.17,179.87,2.07
"Song 4748","Artist 81","Pop",2018,74,0.57,0.98,-13.46,0.75,0.74,0.09,134.5,2.82
"Song 4749","Artist 32","Electronic",2020,30,0.64,1,-12.85,0.92,0.12,0.91,79.86,5.86
"Song 4750","Artist 36","Metal",2024,55,0.73,0.35,-4.48,0.66,0.8,0.5,115.69,5.81
"Song 4751","Artist 22","Hip-Hop",2015,97,0.62,0.74,-5.05,0.56,0.87,0.02,139.16,4.98
"Song 4752","Artist 11","Electronic",2018,94,0.21,0.7,-3.27,0.25,0.98,0.79,106.67,3.3
"Song 4753","Artist 21","Rock",2025,20,0.99,0.33,-6.44,0.83,0.66,0.4,130.66,5.66
"Song 4754","Artist 10","Hip-Hop",2016,56,0.98,0.39,-8.93,0.89,0.14,0.32,140.71,5.63
"Song 4755","Artist 71","Country",2020,75,0.84,0.4,-2.35,0.18,0.56,0.15,92.2,2.66
"Song 4756","Artist 98","Electronic",2025,37,0.5,0.29,-13.13,0.37,0.16,0.31,80.08,3.45
"Song 4757","Artist 77","Electronic",2024,85,0.49,0.26,-4.43,0.49,0.59,0.1,171.84,3.55
"Song 4758","Artist 56","Hip-Hop",2023,81,0.48,0.59,-13.81,0.21,0.18,0.06,128.4,4.57
"Song 4759","Artist 26","Rock",2025,76,0.32,0.29,-6.76,0.57,0.35,0.87,116.74,5.46
"Song 4760","Artist 1","Country",2023,38,0.98,0.56,-14.67,0.22,0.46,0.57,115.64,5.08
"Song 4761","Artist 42","Indie",2025,45,0.59,0.72,-11.73,0.05,0.33,0.15,173.41,3.84
"Song 4762","Artist 21","R&B",2020,42,0.41,0.92,-12.28,0.88,0.1,0.74,138.1,5.03
"Song 4763","Artist 44","Indie",2022,20,0.88,0.2,-2.78,0.68,0.35,0.57,111.86,2.82
"Song 4764","Artist 13","Country",2023,20,0.73,0.35,-11.8,0.85,0.59,0.33,165.28,3.91
"Song 4765","Artist 62","Classical",2022,68,0.74,0.29,-4.16,0.57,0.41,0.71,157.43,5.21
"Song 4766","Artist 79","R&B",2016,64,0.51,0.81,-10.83,0.52,0.52,0.95,150.82,4.65
"Song 4767","Artist 82","Hip-Hop",2016,64,0.78,0.31,-13.53,0.87,0.69,0.13,99.3,4.56
"Song 4768","Artist 88","Jazz",2025,40,0.56,0.31,-12.52,0.67,0.06,0.6,112.82,4.9
"Song 4769","Artist 16","Electronic",2019,34,0.3,0.79,-5.22,0.41,0.49,0.36,94.29,4.71
"Song 4770","Artist 90","Country",2015,21,0.37,0.47,-12.64,0.62,0.97,0.46,166.59,2.37
"Song 4771","Artist 90","Jazz",2017,95,0.36,0.65,-7.98,0.86,0.82,0.92,171.9,5.59
"Song 4772","Artist 84","Hip-Hop",2025,59,0.79,0.59,-12.74,0.09,0.23,0.8,169.35,5.99
"Song 4773","Artist 54","Country",2020,59,0.53,0.86,-12.93,0.54,0.7,0.28,71.93,3.1
"Song 4774","Artist 60","Jazz",2019,90,0.95,0.27,-3.67,0.9,0.35,0.19,138.2,2.51
"Song 4775","Artist 13","Jazz",2017,66,0.99,0.97,-6.16,0.7,0.36,0.92,143.04,2.09
"Song 4776","Artist 55","Hip-Hop",2024,48,0.76,0.68,-6.85,0.97,0.97,0.38,157.36,4.23
"Song 4777","Artist 72","R&B",2024,59,0.9,0.22,-12.82,0.54,0.49,0.78,165.48,2.98
"Song 4778","Artist 73","Country",2018,88,0.31,0.94,-13.78,0.46,0.32,0.11,116.38,5.21
"Song 4779","Artist 71","Rock",2016,44,0.5,0.37,-6.21,0.18,0.6,0.23,139.57,4.3
"Song 4780","Artist 98","Metal",2021,83,0.3,0.5,-4.12,0.06,0.9,0.61,119.44,5.11
"Song 4781","Artist 38","Hip-Hop",2022,53,0.92,0.5,-6.52,0.77,0.64,0.76,137.56,3.46
"Song 4782","Artist 65","Jazz",2021,79,0.87,0.89,-7.7,0.54,0.77,0.93,168.73,3.59
"Song 4783","Artist 44","Pop",2017,65,0.56,0.86,-7.84,0.21,0.2,0.96,143.03,4.54
"Song 4784","Artist 72","R&B",2021,54,0.52,0.68,-6.49,0.74,0.09,0.4,144.92,4.02
"Song 4785","Artist 88","Classical",2021,74,0.29,0.78,-5.57,0.62,0.01,0.25,85.73,2.67
"Song 4786","Artist 20","Electronic",2015,30,0.62,0.34,-7.55,0.75,0.78,0.05,72.82,4.76
"Song 4787","Artist 9","Electronic",2017,78,0.33,0.95,-6.13,0.49,0.87,0.33,126.32,2.27
"Song 4788","Artist 65","Pop",2023,40,0.61,0.96,-5.05,0.82,0.1,0.92,120.55,2.81
"Song 4789","Artist 98","Hip-Hop",2019,85,0.56,0.4,-7.78,0.85,0.84,0.42,157.45,2.55
"Song 4790","Artist 66","Jazz",2019,78,0.59,0.52,-10.12,0.82,0.44,0.36,134.14,2.1
"Song 4791","Artist 92","Metal",2016,34,0.87,0.93,-13.23,0.59,1,0.18,82.34,3.37
"Song 4792","Artist 52","Indie",2023,39,0.69,0.5,-9.65,0.71,0.39,0.87,138.11,2.93
"Song 4793","Artist 74","Country",2017,68,0.74,0.95,-12.73,0.89,0.16,0.27,128.3,5.44
"Song 4794","Artist 94","Electronic",2021,98,0.88,0.82,-4.38,0.79,0.52,0.9,133.16,4.74
"Song 4795","Artist 1","Jazz",2022,72,0.85,0.7,-8.41,0.44,0.14,0.08,82.2,3.2
"Song 4796","Artist 80","Hip-Hop",2016,58,0.25,0.63,-2.83,0.25,0.56,0.69,119.45,4.46
"Song 4797","Artist 21","Classical",2015,87,0.93,0.58,-9.91,0.73,0.02,0.71,158.51,4.2
"Song 4798","Artist 72","Electronic",2017,28,0.31,0.6,-8.55,0.61,0.74,0.39,80.24,5.78
"Song 4799","Artist 8","Jazz",2018,63,0.33,0.69,-7.94,0.34,0.65,0.3,174.26,3.59
"Song 4800","Artist 98","Jazz",2024,36,0.57,0.87,-9.36,0.52,0.83,0.56,91.65,4
"Song 4801","Artist 96","Metal",2024,90,0.32,0.58,-3.38,0.46,0.63,0.71,126.68,5.46
"Song 4802","Artist 71","Hip-Hop",2023,94,0.48,0.77,-5.4,0.69,0.53,0.68,81.64,5.49
"Song 4803","Artist 47","Electronic",2017,46,0.48,0.85,-8.61,0.96,0.44,0.55,149.96,5.74
"Song 4804","Artist 39","R&B",2017,44,0.98,0.95,-3.26,0.59,0.02,0.08,93.64,2.64
"Song 4805","Artist 80","Jazz",2025,67,0.39,0.49,-12.34,0.86,0.9,0.96,127.92,5.36
"Song 4806","Artist 12","Metal",2018,45,0.45,0.55,-3.37,0.78,0.74,0.72,149.27,3.34
"Song 4807","Artist 75","Metal",2021,85,0.4,0.46,-12.34,0.5,0.01,0.41,172.66,3.69
"Song 4808","Artist 65","Rock",2015,39,0.37,0.79,-8.79,0.98,0.39,0.1,82.14,4.9
"Song 4809","Artist 65","Metal",2018,32,0.54,0.42,-6.7,0.69,0.67,0.68,129.38,4.48
"Song 4810","Artist 77","Metal",2017,25,0.36,0.63,-14.11,0.11,0.72,0.39,143.72,2.44
"Song 4811","Artist 94","Hip-Hop",2022,83,0.4,0.43,-6.08,0.61,0.72,0.76,82.25,5.6
"Song 4812","Artist 1","Hip-Hop",2021,80,0.3,0.68,-2.02,0,0.57,0.27,73.25,3.95
"Song 4813","Artist 5","Country",2021,24,0.93,0.63,-6.08,0.58,0.34,0.44,118.26,4.57
"Song 4814","Artist 98","Metal",2016,75,0.91,0.49,-5.48,0.23,0.29,0.08,97.47,2.78
"Song 4815","Artist 84","Metal",2015,34,0.41,0.73,-13.5,0.72,0.26,0.31,140.58,3.48
"Song 4816","Artist 1","Rock",2017,44,0.62,0.98,-7.29,1,0.12,0.98,132.54,3.3
"Song 4817","Artist 4","R&B",2016,31,0.7,0.56,-12.32,0.75,0.81,0.73,176.43,2.69
"Song 4818","Artist 22","Rock",2025,32,0.8,0.33,-4.7,0.32,0.94,0.96,81.47,2.97
"Song 4819","Artist 68","Pop",2024,99,0.31,0.3,-12.89,0.74,0.47,0.14,113.93,3.41
"Song 4820","Artist 22","Indie",2022,82,0.38,0.55,-5.17,0.47,0.86,0.65,131.73,3.02
"Song 4821","Artist 46","R&B",2022,66,0.72,0.38,-6.57,0.66,0.51,0.09,132.53,3.03
"Song 4822","Artist 25","Country",2016,35,0.53,0.3,-2.61,0.77,0.62,0.38,90.77,2.09
"Song 4823","Artist 84","Metal",2016,43,0.63,0.89,-10.43,0.13,0.01,0.97,128.68,5.66
"Song 4824","Artist 36","Jazz",2021,46,0.71,0.32,-12.95,0.83,0.63,0.93,119.01,2.17
"Song 4825","Artist 10","Rock",2022,42,0.98,0.76,-4.42,0.4,0.56,0.92,89.14,4.76
"Song 4826","Artist 50","Jazz",2018,79,0.77,0.31,-10.55,0.34,0.23,0.08,160.39,3.38
"Song 4827","Artist 56","Indie",2020,64,0.29,0.73,-12.11,0.9,0.37,0.44,158.07,5.52
"Song 4828","Artist 1","Hip-Hop",2019,77,0.69,0.42,-13.1,0.79,0.2,0.45,91.91,4.85
"Song 4829","Artist 90","Indie",2019,79,0.46,0.79,-3.2,0.07,0.98,0.12,93.78,3.08
"Song 4830","Artist 88","Hip-Hop",2024,78,0.54,0.47,-14.9,0.23,0.18,0.81,154.23,4.61
"Song 4831","Artist 21","Jazz",2018,67,0.43,0.69,-8.84,0.74,0.54,0.69,178.29,2.03
"Song 4832","Artist 100","Country",2022,94,0.63,0.34,-9.97,0.89,0.84,0.25,88.49,2.22
"Song 4833","Artist 62","Classical",2018,57,0.94,0.59,-14.35,0.53,0.05,0.82,134.27,4.07
"Song 4834","Artist 26","Rock",2024,61,0.45,0.38,-10.76,0.31,0.95,0.22,160.69,4.71
"Song 4835","Artist 80","Country",2017,35,0.83,0.75,-3.21,0.33,0.59,0.46,127.77,4.28
"Song 4836","Artist 60","Pop",2015,21,0.81,0.51,-2.92,0.43,0.67,0.56,99.78,4.25
"Song 4837","Artist 50","Pop",2016,88,0.24,0.52,-5.75,0.57,0.37,0.79,135.52,4.56
"Song 4838","Artist 54","Country",2017,36,0.88,0.33,-3.19,0.02,0.65,0.11,93.25,3.18
"Song 4839","Artist 62","R&B",2025,91,0.76,0.68,-3.85,0.34,0.54,0.66,164.37,5.33
"Song 4840","Artist 2","Indie",2022,93,0.22,0.95,-8.54,0.23,0.76,0.11,133.66,3.69
"Song 4841","Artist 96","Jazz",2020,85,0.69,0.82,-9.2,0.24,0.85,0.93,119.69,3.17
"Song 4842","Artist 94","Pop",2021,50,0.2,0.72,-9.6,0.04,0.38,0.81,162.46,4.58
"Song 4843","Artist 26","Metal",2021,79,0.91,0.8,-6.05,0.2,0.34,0.11,89.88,5.94
"Song 4844","Artist 78","Classical",2021,28,0.67,0.41,-2.53,0.99,0.15,0.35,174.88,3.24
"Song 4845","Artist 97","Country",2020,23,0.21,0.99,-14.89,0.34,0.42,0.85,75.33,4.56
"Song 4846","Artist 72","Rock",2021,86,0.96,0.49,-4.73,0.05,0.43,0.71,118.41,4.26
"Song 4847","Artist 61","Country",2024,21,0.28,0.48,-3.65,0.68,0.83,0.94,104.27,5
"Song 4848","Artist 95","Jazz",2015,100,0.63,0.31,-2.96,0.03,0.77,0.01,111.03,5.05
"Song 4849","Artist 100","R&B",2021,77,0.45,0.67,-6.68,0.41,0.61,0.77,70.47,5.08
"Song 4850","Artist 51","Metal",2024,53,0.76,0.98,-8.19,0.01,0.5,0.83,112.35,5.2
"Song 4851","Artist 63","Pop",2025,47,0.9,0.31,-3.97,0.35,0.5,0.97,116.33,3.15
"Song 4852","Artist 14","Metal",2024,25,0.75,0.59,-9.62,0.86,0.06,1,89.17,5.91
"Song 4853","Artist 29","Jazz",2016,55,0.78,0.73,-9.37,0.64,0.85,0.55,89.07,2.44
"Song 4854","Artist 18","Metal",2024,98,0.34,0.81,-9.46,0.3,0.67,0.45,162.9,5.14
"Song 4855","Artist 97","Pop",2018,65,0.6,0.38,-7.92,0.37,0.11,0.61,123.16,4.5
"Song 4856","Artist 24","Jazz",2018,77,0.69,0.51,-4.88,0.36,0.55,0.33,133.26,5.17
"Song 4857","Artist 95","Country",2021,97,0.57,0.28,-14.1,0.73,0.96,0.68,164.82,4.63
"Song 4858","Artist 5","Rock",2016,36,0.85,0.96,-2.47,0.75,0.47,0.34,96.68,2.23
"Song 4859","Artist 23","Jazz",2017,56,0.89,0.64,-13.82,0.51,0.9,0.55,102.84,2.44
"Song 4860","Artist 98","R&B",2023,38,0.35,0.59,-7.54,0.33,0.87,0.58,172.52,3.93
"Song 4861","Artist 62","Country",2025,48,0.39,0.63,-12.28,0.05,0.19,0.64,156.21,5.34
"Song 4862","Artist 62","Jazz",2017,87,0.98,0.42,-13.46,0.56,0.37,0.69,145.64,3.8
"Song 4863","Artist 22","Hip-Hop",2016,64,0.48,0.88,-6.99,0.23,0.2,0.92,70.26,5.74
"Song 4864","Artist 24","Indie",2021,46,0.65,0.51,-2.78,0.81,0.09,0.23,107.3,3.11
"Song 4865","Artist 44","Pop",2015,78,0.26,0.33,-6.47,0.27,0.58,0.91,168.69,3.12
"Song 4866","Artist 26","Indie",2018,80,0.36,0.65,-9.72,0.98,0.52,0.51,118.43,3.57
"Song 4867","Artist 83","Pop",2018,30,0.67,0.88,-14.83,0.44,0.48,0.68,152.1,2.19
"Song 4868","Artist 85","R&B",2018,24,0.73,0.54,-11.53,0.8,0.7,0.48,112.62,3.09
"Song 4869","Artist 25","Rock",2019,93,0.9,0.32,-11.94,0.39,0.96,0.51,91.21,5.27
"Song 4870","Artist 53","Jazz",2015,71,0.9,0.79,-14.22,0.56,0.35,0.82,164.21,5.27
"Song 4871","Artist 23","Indie",2017,58,0.89,0.96,-8.4,0.98,0.99,0.25,136.18,5.89
"Song 4872","Artist 46","Jazz",2024,72,0.59,0.92,-5.84,0.8,0.87,0.78,84.36,3.28
"Song 4873","Artist 97","Pop",2015,21,0.31,0.89,-11.45,0.77,0.04,0.49,119.26,5.63
"Song 4874","Artist 17","Indie",2016,70,0.63,0.29,-13.64,0.56,0.34,0.32,115.24,5.41
"Song 4875","Artist 42","Hip-Hop",2023,85,0.37,0.8,-10.17,0.07,0.6,0.13,98.89,3.65
"Song 4876","Artist 41","Country",2024,98,0.57,0.64,-6.53,0.36,0.09,0.29,128.5,2.91
"Song 4877","Artist 72","Jazz",2024,31,0.62,0.76,-12.79,0.29,0.56,0.73,150.07,2.71
"Song 4878","Artist 42","Rock",2024,70,0.7,0.52,-10.99,0.43,0.66,0.84,172.97,5.12
"Song 4879","Artist 83","Electronic",2025,43,0.99,0.86,-8.52,0.27,0.11,0.76,158.85,2.6
"Song 4880","Artist 66","Pop",2018,40,0.37,0.42,-10.14,0.41,0.01,0.72,124.45,2.49
"Song 4881","Artist 51","Metal",2025,30,0.53,0.62,-13.11,0.15,0.07,0.34,82.75,4.26
"Song 4882","Artist 39","Pop",2017,32,0.55,0.55,-11.54,0.98,0.4,0.21,174.48,5.91
"Song 4883","Artist 70","Metal",2025,42,0.66,0.36,-2.79,0.58,0.69,0.68,105.42,5.07
"Song 4884","Artist 34","Metal",2020,90,0.38,0.71,-7.77,0.93,0.02,0.87,179.13,4.99
"Song 4885","Artist 1","Jazz",2023,21,0.79,0.98,-9.06,0.14,0.3,0.15,137.63,4.7
"Song 4886","Artist 92","Classical",2021,31,0.6,0.64,-7.4,0.54,0.3,0.56,85.81,5.44
"Song 4887","Artist 74","Country",2025,56,0.36,0.39,-13.4,0.86,0.47,0.07,95.95,4.02
"Song 4888","Artist 40","Pop",2025,23,0.29,0.56,-3.78,0.97,0.27,0.3,86.02,2.46
"Song 4889","Artist 10","Indie",2019,70,0.29,0.57,-9.39,0.83,0.89,0.7,109.77,5.11
"Song 4890","Artist 43","Jazz",2017,84,0.57,0.25,-3.36,0.63,0.85,0.97,103.45,2.59
"Song 4891","Artist 32","Country",2020,89,0.65,0.74,-14.72,0.78,0.3,0.03,77.63,5.33
"Song 4892","Artist 79","Jazz",2024,70,0.88,0.76,-14.76,0.31,0.1,0.44,173.77,4.61
"Song 4893","Artist 60","Jazz",2021,74,0.7,0.59,-13.02,0.74,0.02,0.99,90.49,2.68
"Song 4894","Artist 54","Country",2019,73,0.73,0.78,-8.47,0.97,1,0.38,134.46,5.63
"Song 4895","Artist 77","Metal",2019,25,0.29,0.43,-3.11,0.17,0.85,0.15,123.45,5.79
"Song 4896","Artist 42","Hip-Hop",2025,63,0.55,0.75,-4.49,0.9,0.02,0.16,101.39,2.27
"Song 4897","Artist 19","Jazz",2018,68,0.39,0.98,-4.04,0.83,0.38,0.45,104.38,3.84
"Song 4898","Artist 31","Electronic",2015,46,1,0.73,-12.3,0.41,0.41,0.31,85.9,5.63
"Song 4899","Artist 66","Hip-Hop",2018,56,0.57,0.24,-6.02,0.49,0.14,0.01,106.78,5.49
"Song 4900","Artist 61","R&B",2025,75,0.69,0.46,-11.92,0.36,0.66,0.32,90.39,4.07
"Song 4901","Artist 99","Indie",2017,83,0.86,0.31,-6.54,0.72,0.09,0.13,150.5,4.21
"Song 4902","Artist 87","R&B",2019,96,0.22,0.77,-12.67,0.61,0.07,0.52,150.76,5.85
"Song 4903","Artist 54","Hip-Hop",2018,67,0.55,0.94,-7.48,0.15,0.66,0.44,150.88,4.45
"Song 4904","Artist 53","R&B",2020,24,0.76,1,-7.63,0.04,0.32,0.24,70.44,3.21
"Song 4905","Artist 17","R&B",2024,24,0.55,0.28,-7,0.72,0.96,0.11,159.91,5.28
"Song 4906","Artist 73","Hip-Hop",2024,90,0.92,0.47,-13.15,0.84,0.61,0.64,149.33,3.82
"Song 4907","Artist 4","Jazz",2015,93,0.28,0.91,-14.83,0.24,0.65,0.97,110.76,2.92
"Song 4908","Artist 96","Country",2019,80,0.94,0.79,-14.28,0.38,0.93,0.7,168.12,5.6
"Song 4909","Artist 60","Classical",2022,40,0.3,0.95,-2.53,0.73,0.88,0.17,177.79,5.2
"Song 4910","Artist 82","Metal",2022,39,0.75,0.56,-4.75,0.4,0.95,0.77,141.05,5.91
"Song 4911","Artist 29","Metal",2021,89,0.87,0.48,-6.55,0.04,0.44,0.12,159.39,2.13
"Song 4912","Artist 14","Classical",2019,44,0.86,0.53,-12.09,0.51,0.65,0.16,139.44,5.13
"Song 4913","Artist 76","Metal",2018,85,0.32,0.96,-13.52,0.19,0.89,0.5,88.16,3.4
"Song 4914","Artist 18","Rock",2020,22,0.83,0.71,-14.77,0.11,0.8,0.36,119.54,5.09
"Song 4915","Artist 50","Indie",2017,28,0.4,0.77,-12.09,0.66,0.51,0.33,71.7,2.73
"Song 4916","Artist 1","Rock",2022,57,0.92,0.87,-8.42,0.96,0.53,0.02,145.39,2.4
"Song 4917","Artist 47","Classical",2020,59,0.35,0.48,-12.67,0.99,0.9,0.7,80.55,3.49
"Song 4918","Artist 39","Jazz",2017,66,0.23,0.61,-13.83,0.56,0.34,0.16,93.18,4.67
"Song 4919","Artist 49","Metal",2023,24,0.9,0.42,-12.89,0.99,0.54,0.74,98.45,2.54
"Song 4920","Artist 63","R&B",2023,26,0.37,0.32,-7.36,0.71,0.96,0.44,97.04,3.83
"Song 4921","Artist 7","Jazz",2020,74,0.58,0.41,-6.68,0.99,0.61,0.49,109.05,2.78
"Song 4922","Artist 57","Hip-Hop",2023,59,0.38,0.34,-3.27,1,0.57,0.23,148.78,5.2
"Song 4923","Artist 51","Metal",2023,82,0.66,0.78,-6.54,0.28,0.85,0.8,135.23,4.46
"Song 4924","Artist 48","Indie",2023,100,0.51,0.55,-13.07,0.33,0.52,0.75,128.45,3.44
"Song 4925","Artist 33","Country",2023,70,0.96,0.35,-6.48,0.05,0.98,0.08,128.72,5.13
"Song 4926","Artist 50","Country",2016,33,0.53,0.25,-5.72,0.15,0.68,0.63,154.19,3.24
"Song 4927","Artist 13","R&B",2024,74,0.68,0.87,-4.88,0.34,0.81,0.84,132.66,2.4
"Song 4928","Artist 82","Hip-Hop",2019,53,0.47,0.97,-2.7,0.18,0.18,0.98,138.47,3.3
"Song 4929","Artist 70","Pop",2018,83,0.9,0.3,-5.68,0.3,0.66,0.66,168.86,2.9
"Song 4930","Artist 21","Rock",2025,37,0.61,0.97,-2.95,0.03,0.95,0.46,178.3,2.91
"Song 4931","Artist 82","Classical",2025,47,0.33,0.66,-8.76,0.22,0.87,0.47,104.54,5.12
"Song 4932","Artist 85","Indie",2015,68,0.38,0.79,-3.23,0.21,0.57,0.93,120.01,4.03
"Song 4933","Artist 60","Jazz",2020,75,0.34,0.67,-11.27,0.48,0.14,0.3,138.73,2.55
"Song 4934","Artist 8","Pop",2021,85,0.98,0.44,-7.22,0.5,0,0.13,168.7,2.12
"Song 4935","Artist 27","Hip-Hop",2022,55,0.69,0.83,-4.97,0.59,0.75,0.93,154.72,4.57
"Song 4936","Artist 46","Electronic",2022,20,0.7,0.3,-11.79,0.62,0.56,0.35,170.02,2.4
"Song 4937","Artist 57","Classical",2019,87,0.9,0.41,-4.89,1,0.59,0.78,101.23,3.33
"Song 4938","Artist 78","Country",2018,27,0.53,0.96,-10.95,0.83,0.82,0.95,153.61,3.58
"Song 4939","Artist 59","Classical",2020,71,0.45,0.4,-10.69,0.27,0.53,0.76,163.19,4.44
"Song 4940","Artist 58","Jazz",2020,95,0.43,0.67,-12.78,0.05,0.36,0.98,83.48,2.69
"Song 4941","Artist 20","Hip-Hop",2021,97,0.28,0.98,-14.45,0.91,0.7,0.59,164.11,3.93
"Song 4942","Artist 92","Indie",2021,63,0.65,0.58,-8.36,0.56,0.91,0.52,96.29,2.98
"Song 4943","Artist 90","R&B",2021,62,0.74,0.34,-8,0.63,0.03,0.56,178.26,3.23
"Song 4944","Artist 89","Classical",2021,87,0.5,0.56,-5.39,0.11,0.34,0.34,90.3,4.57
"Song 4945","Artist 78","Country",2016,81,0.56,0.85,-8.7,0.98,0.87,0.34,143.72,5.7
"Song 4946","Artist 18","R&B",2020,24,0.63,0.29,-9.01,0.11,0.45,0.17,119.97,2.8
"Song 4947","Artist 44","Electronic",2016,69,0.7,0.36,-12.41,0.62,0.5,0.54,114.81,5.27
"Song 4948","Artist 22","Hip-Hop",2018,45,0.66,0.34,-6.24,0.5,0.34,0.65,163,3.85
"Song 4949","Artist 1","Jazz",2020,32,0.81,0.69,-4.36,0.25,0.32,0.16,135.38,3.13
"Song 4950","Artist 77","Classical",2016,39,0.46,0.33,-8.99,0.3,0.4,0.4,103.86,4.81
"Song 4951","Artist 63","Indie",2023,66,0.97,0.44,-3.51,0.89,0.19,0.71,151.4,4.87
"Song 4952","Artist 99","Classical",2025,24,0.91,0.29,-11.94,0.92,0.89,0.11,148.28,2.67
"Song 4953","Artist 65","Pop",2018,85,0.64,0.73,-5.77,0.77,0.73,0.12,108.31,5
"Song 4954","Artist 78","Country",2023,78,0.99,0.73,-3.82,0.86,0.33,0.66,87.45,2.98
"Song 4955","Artist 46","R&B",2015,73,1,0.61,-6.14,0.92,0.95,0.86,112.18,2.69
"Song 4956","Artist 18","Rock",2018,80,0.27,0.83,-7.16,0.84,0.06,0.75,110.3,5.33
"Song 4957","Artist 65","Metal",2021,76,0.3,0.97,-8.61,0.98,0.47,0.01,161.7,2.13
"Song 4958","Artist 4","Metal",2019,73,0.73,0.27,-8.56,0.52,0.79,0.32,142.18,3.19
"Song 4959","Artist 11","Pop",2018,85,0.51,0.92,-12.51,0.3,0.02,0.71,104.41,5.94
"Song 4960","Artist 58","Classical",2018,65,0.44,0.33,-3.68,0.89,0.89,0.5,84.61,2.75
"Song 4961","Artist 13","Hip-Hop",2022,79,0.37,0.77,-12.49,0.35,0.57,0.84,96.66,2.22
"Song 4962","Artist 34","Metal",2017,41,0.85,0.39,-8.89,0.21,0.68,0.83,101.07,5.3
"Song 4963","Artist 95","Metal",2018,87,0.28,0.42,-6.2,0.14,0.66,0.61,149.72,3.32
"Song 4964","Artist 72","Pop",2018,54,0.4,0.41,-13.49,0.12,0.21,0.44,167.9,4.23
"Song 4965","Artist 48","Jazz",2024,37,0.44,0.44,-3.42,0.97,0.18,0.89,142.44,2.49
"Song 4966","Artist 31","Indie",2025,37,0.71,0.62,-2.83,0.31,0.52,0.99,156.27,5.79
"Song 4967","Artist 84","Electronic",2019,98,0.57,0.57,-13.83,0.89,0.93,0.1,102.77,3.63
"Song 4968","Artist 5","Indie",2015,65,0.36,0.38,-10.5,0.59,0.94,0.71,90.66,4.99
"Song 4969","Artist 44","Classical",2023,43,0.32,0.25,-13.97,0.02,0.05,0.75,116.24,2.19
"Song 4970","Artist 63","Jazz",2015,80,0.51,0.76,-14.69,0.17,0.12,0.12,123.69,2.74
"Song 4971","Artist 70","Electronic",2016,79,0.47,0.57,-10.29,0.85,0.15,0.25,73.24,4.69
"Song 4972","Artist 68","Country",2015,86,0.24,0.4,-8.32,0.73,0.94,0.49,159.06,3.04
"Song 4973","Artist 80","Rock",2025,43,0.77,0.89,-6.25,0.53,0.38,0.92,167.78,3.15
"Song 4974","Artist 21","Rock",2020,48,0.49,0.56,-12.67,0.45,0.86,0.51,83.41,5.11
"Song 4975","Artist 55","Electronic",2022,60,0.4,0.22,-2.12,0.1,0.95,0.64,156.56,4.87
"Song 4976","Artist 62","R&B",2021,43,0.98,0.82,-5.06,0.51,0.56,0.22,132.25,5.34
"Song 4977","Artist 55","Classical",2015,76,0.74,0.69,-4.46,0.38,0.78,0.23,133.1,3.58
"Song 4978","Artist 26","Indie",2020,54,0.7,0.83,-8.73,0.45,0.32,0.83,94.58,3.97
"Song 4979","Artist 58","Rock",2025,91,0.54,0.52,-11.68,0.7,0.66,0.49,105.26,3.6
"Song 4980","Artist 90","Hip-Hop",2017,75,0.46,0.38,-9.92,0.89,0.77,0.94,130.87,2.61
"Song 4981","Artist 34","Classical",2024,27,0.88,0.6,-13.22,0.8,0.49,0.1,163.98,5.61
"Song 4982","Artist 15","Rock",2025,96,1,0.72,-10.78,0.06,0.11,0.58,73.57,2.54
"Song 4983","Artist 14","Country",2017,40,0.21,0.51,-5.7,0.68,0.43,0.81,110.39,5.35
"Song 4984","Artist 76","Country",2021,61,0.86,0.25,-6.51,0.62,0.19,0.39,139.57,4.32
"Song 4985","Artist 80","Rock",2017,87,0.8,0.66,-8.66,0.13,0.93,0.78,86.88,4.25
"Song 4986","Artist 58","Metal",2020,59,0.58,0.68,-11.34,0.11,0.93,0.09,111.99,3.83
"Song 4987","Artist 29","Country",2019,22,0.41,0.33,-11.16,0.12,0.98,0.94,113.81,2.98
"Song 4988","Artist 82","Electronic",2017,60,0.33,0.59,-4.82,0.53,0.4,0.41,148.04,5.25
"Song 4989","Artist 77","Electronic",2018,95,0.98,0.82,-7.38,0.22,0.64,0.83,159.92,3.08
"Song 4990","Artist 16","Jazz",2015,43,0.26,0.7,-11.77,0.31,0.4,0.28,148.42,2.72
"Song 4991","Artist 85","Classical",2022,88,0.33,0.22,-2.39,0.21,0.57,0.48,136.63,5.81
"Song 4992","Artist 48","Rock",2019,43,0.79,0.59,-12.9,0.18,0.21,0.87,85.8,5.87
"Song 4993","Artist 65","Electronic",2020,61,0.62,0.68,-12.56,0.55,0.18,0.73,116.42,3.77
"Song 4994","Artist 38","Hip-Hop",2017,84,0.49,0.21,-11.13,0.07,0.87,0.57,125.07,3.04
"Song 4995","Artist 14","Electronic",2016,39,0.85,0.44,-14.62,0.8,0.41,0.98,169.69,3.21
"Song 4996","Artist 54","Jazz",2017,71,0.99,0.73,-9.22,0.1,0.57,0.76,124.73,3.12
"Song 4997","Artist 58","Jazz",2020,37,0.98,0.48,-8.65,0.38,0.05,0.63,144.49,4.16
"Song 4998","Artist 30","Indie",2016,68,0.6,0.28,-14.83,0.93,0.87,0.59,74.16,2.36
"Song 4999","Artist 96","Pop",2015,32,0.99,0.79,-4.3,0.22,0.91,0.58,93.57,5.02
"Song 5000","Artist 63","Electronic",2017,50,0.53,0.55,-12.98,0.77,0.97,0.62,165.94,3.5
